number_truck 4
number_drone 4
droneLimitationFightTime(s) 3600
Customers 100 
Coordinate X		 Coordinate Y 		Demand		OnlyServicedBytruck		 ServiceTimeByTruck(s)		 ServiceTimeByDrone(s)
14493.429363780388	-15390.338603811684	0.9965988001952928	1	60 	30
10379.353547010383	-27575.17574455356	6.521188430241597	0	60 	30
-12875.50737133677	10968.758215875005	0.8481375055991919	0	60 	30
14883.309713295981	-4236.103864804304	0.8941841829277714	1	60 	30
-18950.20554945851	-20652.406988505743	1.0014702991929267	1	60 	30
17082.273775458747	-22086.405856781937	0.20513422936120546	0	60 	30
-28840.86024896894	2735.471150114069	2.0965555932113906	0	60 	30
28283.702806773937	-31968.819034963828	53.269445924119665	1	60 	30
27841.77171527473	-12764.607389685389	57.436895079322746	1	60 	30
14375.867340610745	9902.758081651413	12.01839034796637	1	60 	30
25842.15974872365	15925.424313406662	0.09004144767860323	1	60 	30
5159.239225686825	25691.949348404276	0.26058301306501164	1	60 	30
7528.666836055286	20982.172254438094	2.4995420800382004	0	60 	30
-20384.773626919807	25600.37436050811	0.7278584622554862	0	60 	30
10917.794698775897	2623.68608100031	0.11417677193456599	0	60 	30
-12967.404881821407	11018.04725090494	0.1891077297888255	1	60 	30
-8644.48156548689	9562.174186642786	2.470037620998058	1	60 	30
14398.979386188736	-15184.633218892768	0.690739614906394	1	60 	30
31234.241840218478	12983.082590648697	1.7422470652904245	1	60 	30
27790.9110051815	-16468.21766062927	0.20928171465292023	0	60 	30
18237.273111738363	15281.710395139093	1.4299865186325231	1	60 	30
-12148.318757520097	-2064.1491803217787	2.3157942930824613	1	60 	30
-15717.353009748429	-21603.078002651586	0.7429714665597589	1	60 	30
-22591.411323773962	-13606.302850548587	0.6677072440961205	0	60 	30
-4023.7351055400486	9533.824004555676	1.2225761049770982	1	60 	30
16010.68366931743	8454.983367411101	1.4237834581573947	0	60 	30
-15925.817533616457	-29314.510860614846	0.25581105993356196	0	60 	30
-10879.502492660109	7168.913743662083	2.302911428156522	0	60 	30
-20078.859613756344	11912.636521826673	1.7653566186622516	0	60 	30
7039.119417478036	7837.640507920406	5.969667330098856	1	60 	30
19824.353975250553	3876.8131579177325	2.483855326955494	0	60 	30
-20232.794930685293	-27962.341986538067	1.8566897437917156	0	60 	30
24395.266554595037	-18863.320357766002	0.34566655065921353	0	60 	30
-21830.377683271163	-21944.08386220555	57.560645745958425	0	60 	30
-24014.671685454792	-9867.59447212848	2.1542864279477394	1	60 	30
6711.9077097434565	-1241.8720580394006	1.0155276258236405	1	60 	30
25324.015589887942	4958.166339763747	0.8086362013186332	0	60 	30
17837.990422717663	-19777.125764098353	1.7332694856220834	1	60 	30
-18560.60434703033	10752.383368419667	0.49642203931907436	0	60 	30
-15828.059370793457	-25037.81848934479	66.22102058624642	0	60 	30
-27509.591436777246	-15613.79827860122	1.3877695045814462	0	60 	30
-10432.579735370735	-29104.86747253635	1.077300304911267	0	60 	30
25686.537419516597	-31159.549161276223	0.9873358713119229	0	60 	30
-5746.810150283716	-25432.801025642795	1.5768490451881154	1	60 	30
-131.63904767088323	3138.4960434568425	2.4281034301832465	1	60 	30
-24603.389101139288	21968.727326716522	20.612584907221027	1	60 	30
-31433.11218846925	7664.576220824723	0.6150566671258171	0	60 	30
1772.8369626035937	-479.22754589990774	0.6696400314587247	0	60 	30
8725.40696639832	-1714.2634673790362	0.2519464725947393	0	60 	30
10442.122900437815	10748.782244507807	0.7064102975872746	1	60 	30
-24295.02100638906	-11191.259482794308	0.4093450687443617	0	60 	30
-29336.26272041169	-19702.26530554416	0.9414954025404512	1	60 	30
-9964.331383308476	-12623.064386447233	26.53048404197021	0	60 	30
-22359.241472743197	-28892.50288476216	0.8475812077786573	1	60 	30
-4360.064736807011	-6484.585938444778	1.4900488523798963	0	60 	30
27904.720211610336	2962.6369132005	1.9764068969113089	0	60 	30
-15963.944087872454	-16999.994384851645	0.1182231979488918	1	60 	30
16727.64353677343	-20810.312640675937	0.6593724621703984	1	60 	30
-15453.776911096435	12566.617929496051	0.38303599336875493	1	60 	30
-947.6302344493424	22499.465959507696	1.883225898022654	1	60 	30
30981.354678377636	13206.989883377002	0.47936450742230796	1	60 	30
-959.5965391890829	-7904.703005577523	1.1865327974932733	0	60 	30
9499.25025971435	15618.12775117049	2.3537061751900294	0	60 	30
21278.88726871333	-4171.9199871902	2.047631577628079	1	60 	30
16537.590298158786	22495.789821080903	2.4909528369320366	1	60 	30
31549.128247521705	-6405.420795559166	1.8597773090638567	0	60 	30
4977.601866110801	-18442.627268646	1.5080801651878384	0	60 	30
13021.343659515805	16077.96454943094	0.21417761827758341	1	60 	30
23364.35715654651	7404.083682258243	0.3379555670566792	1	60 	30
26712.430402224312	28446.4915165526	1.3366231718230248	1	60 	30
-12726.050915082891	-13554.321010087251	1.4114674481525789	0	60 	30
28015.75319081562	29689.833564593835	0.6484167512925043	1	60 	30
-2028.4246257079024	-31714.02925837438	1.3711793673407577	0	60 	30
-20309.516178556187	28759.67086205255	1.0473031489155424	0	60 	30
-13483.625059744994	-5010.829971723089	2.4747118383643936	0	60 	30
-19067.405363161328	5390.856673542011	0.12910357588250126	0	60 	30
-11861.015242915264	31327.04817790766	0.47105510257743316	0	60 	30
19495.524759021406	-20427.049080836667	7.628848517123382	0	60 	30
-14017.961520497875	31462.8076792829	2.358015722024657	1	60 	30
-97.86594313684161	7866.545856692478	1.0204753800078166	1	60 	30
17478.86507357421	499.65908786872285	0.5540006709873078	1	60 	30
8771.655403915018	5225.979339683663	27.801450394808143	1	60 	30
29637.57880311559	-10210.665020749795	19.32934719097406	0	60 	30
21893.662592335993	15194.900409953485	0.1746112051306825	1	60 	30
15571.402997657033	-19010.79541912233	14.849682878602017	1	60 	30
11866.019038387683	22464.25150212479	0.18178641197566237	1	60 	30
15103.062305673984	16192.63568645205	42.28187062310915	1	60 	30
14984.533902257317	27219.777294535492	2.413868875459107	1	60 	30
28980.89401271715	-18055.682444103702	1.5509320353019862	0	60 	30
-10339.519314381854	22445.60798566373	1.1757990841906272	1	60 	30
-23288.533106946754	16015.917640308204	21.97102339102725	0	60 	30
22846.97293914171	-17939.726063535516	2.3434004200914145	1	60 	30
-27145.486142138718	11334.250007319351	1.5310486631950688	1	60 	30
-23547.868192131693	-16145.084714708786	2.107993437926349	1	60 	30
-10382.055385397945	-9390.65011075969	0.6141083418395077	0	60 	30
-734.2119438967719	27933.095466344825	0.743745347894455	1	60 	30
-14729.28369708498	-13010.991272055411	2.137269328972613	1	60 	30
-1415.631976096072	28677.63681836354	1.9934588683403485	1	60 	30
-15359.206258379761	13372.614210930842	1.7107964135349616	1	60 	30
-20136.067463970227	23747.103042018298	1.7935021662709616	0	60 	30
