number_truck 8
number_drone 8
droneLimitationFightTime(s) 3600
Customers 200 
Coordinate X		 Coordinate Y 		Demand		OnlyServicedBytruck		 ServiceTimeByTruck(s)		 ServiceTimeByDrone(s)
1	 7278.431617163829  	 -3349.5656543985106  	 1.983897737319793  	 0  	 60  	 30 
2	 2862.0232069601234  	 5463.814577286371  	 1.3903244521644151  	 0  	 60  	 30 
3	 1668.9512968642493  	 6959.742353805207  	 63.7048510261795  	 1  	 60  	 30 
4	 -12578.880858889132  	 -12279.463439705141  	 1.2278359258463443  	 0  	 60  	 30 
5	 -12997.063503965577  	 -5421.104330678855  	 1.0065843803888037  	 0  	 60  	 30 
6	 -15485.63540542467  	 5116.404024216818  	 0.9805989285095434  	 0  	 60  	 30 
7	 11536.312826611313  	 -9397.35777464834  	 1.8530110189398243  	 1  	 60  	 30 
8	 -14014.091288710835  	 5247.257185603055  	 1.7231405713812462  	 0  	 60  	 30 
9	 5803.760812222099  	 -12692.614234718269  	 2.359262611420223  	 0  	 60  	 30 
10	 9579.654136202615  	 9229.99031096882  	 0.5115440315640168  	 0  	 60  	 30 
11	 10827.043396175291  	 6626.666944946983  	 1.458221642205518  	 0  	 60  	 30 
12	 -1376.0590258858563  	 -13146.567839889261  	 38.01492206143562  	 1  	 60  	 30 
13	 -7279.249820932734  	 -3495.752062102893  	 1.292466390475051  	 0  	 60  	 30 
14	 13270.341444005775  	 -10333.720230939261  	 1.7351323398565441  	 1  	 60  	 30 
15	 -3810.495306709575  	 -1174.0421269812628  	 1.2822855890433702  	 0  	 60  	 30 
16	 -10792.490897681975  	 -8066.652817100853  	 0.8435798444947376  	 0  	 60  	 30 
17	 13421.56306012219  	 10698.0319016875  	 0.9951152334665103  	 0  	 60  	 30 
18	 -10651.394474855433  	 -8207.98975518691  	 1.3630730713732824  	 0  	 60  	 30 
19	 15097.498250442062  	 -1133.4455865847938  	 1.4355379948560987  	 0  	 60  	 30 
20	 15198.508418476184  	 -432.0564640293454  	 2.2050486294359533  	 1  	 60  	 30 
21	 -13271.344822786177  	 -12057.6186445395  	 2.499986108929359  	 1  	 60  	 30 
22	 -2376.009814133016  	 -1127.7282283481952  	 0.27160008669855823  	 0  	 60  	 30 
23	 14708.070121347178  	 -9791.78005498939  	 2.465288213354389  	 1  	 60  	 30 
24	 15432.892936831742  	 6335.880621211262  	 2.419687401724414  	 1  	 60  	 30 
25	 -8299.932846784839  	 3447.6110412732787  	 1.0052008010278124  	 0  	 60  	 30 
26	 -6456.912233707481  	 9827.634149224998  	 1.934775716953382  	 0  	 60  	 30 
27	 -362.07101589150886  	 -10586.552569943384  	 0.3540649662351636  	 0  	 60  	 30 
28	 7407.744192691785  	 -8520.547281599576  	 53.473275002331256  	 1  	 60  	 30 
29	 -9557.089502385577  	 11095.452568743114  	 2.361728980945931  	 0  	 60  	 30 
30	 10954.790486453634  	 -7607.155453124477  	 1.336310248893699  	 0  	 60  	 30 
31	 -238.16976309716944  	 6881.385274593709  	 62.99258584463364  	 1  	 60  	 30 
32	 2053.031160340396  	 -9173.05034760242  	 1.8387954765541168  	 0  	 60  	 30 
33	 12733.134428683297  	 7415.531642626635  	 0.9769068935282321  	 0  	 60  	 30 
34	 6033.195878490877  	 -14734.419832500838  	 18.479303647824317  	 1  	 60  	 30 
35	 -7126.108398144435  	 -339.2128177942072  	 2.091490965946426  	 0  	 60  	 30 
36	 6137.179101170079  	 5882.994559107356  	 0.7270828990034472  	 0  	 60  	 30 
37	 13863.028640333687  	 2566.2935761255912  	 0.3839716032911625  	 0  	 60  	 30 
38	 -9997.680649515725  	 11283.005659917835  	 0.15806334197817656  	 0  	 60  	 30 
39	 -8573.43856384426  	 -6630.203495627959  	 1.1397206674287452  	 0  	 60  	 30 
40	 -347.6348162669333  	 -10511.554919000424  	 12.623104169144696  	 1  	 60  	 30 
41	 1173.7326610360356  	 7535.1011667050225  	 0.22761100469639667  	 0  	 60  	 30 
42	 -16047.142041292904  	 10840.860795419563  	 41.787849091933246  	 1  	 60  	 30 
43	 -12428.126244861636  	 3073.4717064306337  	 1.7297375584036534  	 0  	 60  	 30 
44	 833.6287894736196  	 -11482.930736701477  	 1.1713536389258472  	 0  	 60  	 30 
45	 -5250.119322195662  	 -10722.81866274015  	 0.9155293545420975  	 0  	 60  	 30 
46	 4965.724668869075  	 4769.802005629351  	 0.5951249625387411  	 0  	 60  	 30 
47	 -2093.4064355020287  	 -5479.363597800624  	 26.850096122489624  	 1  	 60  	 30 
48	 9597.071468111544  	 9086.108716702094  	 1.049273682889581  	 0  	 60  	 30 
49	 -695.7918439761293  	 3008.1417416845097  	 2.186028345098587  	 0  	 60  	 30 
50	 3075.1499888068856  	 -12227.649172806465  	 0.4021185185831386  	 0  	 60  	 30 
51	 -1293.46773817744  	 -1605.857169741982  	 1.5925570721143623  	 0  	 60  	 30 
52	 6424.983425134644  	 6616.734082660748  	 1.9873989421775233  	 0  	 60  	 30 
53	 3345.574403967422  	 2753.415176547125  	 1.8416041463968102  	 0  	 60  	 30 
54	 -9527.042072860759  	 -13056.667149558092  	 1.407198554657061  	 0  	 60  	 30 
55	 -6948.364254631746  	 7425.420858131217  	 45.585210601265786  	 1  	 60  	 30 
56	 -9395.538902191978  	 -15349.052234813587  	 2.443908111055562  	 0  	 60  	 30 
57	 -10463.043954029828  	 -10014.320766992443  	 0.8985594677205742  	 0  	 60  	 30 
58	 -7195.112115496475  	 11785.325013728949  	 1.3878684783682391  	 0  	 60  	 30 
59	 627.1201940448582  	 -5664.437173757343  	 0.4081304045412512  	 0  	 60  	 30 
60	 9539.200376108167  	 -6789.7815144007645  	 2.2123341514798507  	 0  	 60  	 30 
61	 4523.723970123995  	 1453.6032752180913  	 39.24895932450389  	 1  	 60  	 30 
62	 -413.1924865961688  	 8373.198677593564  	 0.6523978131382966  	 0  	 60  	 30 
63	 -13705.904721198578  	 2322.611042038466  	 0.721644572815357  	 0  	 60  	 30 
64	 2106.608921626748  	 10602.405501913734  	 25.281341289168267  	 1  	 60  	 30 
65	 14643.736460471122  	 -15517.759413091653  	 0.6606378656097844  	 0  	 60  	 30 
66	 -5791.981295031094  	 -5304.414710864655  	 1.5082823183418181  	 0  	 60  	 30 
67	 1018.1631987947603  	 2319.704471235019  	 0.5966645755065414  	 0  	 60  	 30 
68	 -12856.221072381955  	 14452.333212297166  	 1.0770706830737098  	 0  	 60  	 30 
69	 14229.001079558013  	 -5732.039685378093  	 0.6381308805531583  	 0  	 60  	 30 
70	 15241.32878885879  	 7024.158305831168  	 0.7092196175935428  	 0  	 60  	 30 
71	 4072.463710092331  	 15920.705201504696  	 19.996025267623917  	 1  	 60  	 30 
72	 1605.0247324787047  	 554.414943545397  	 0.48636807985494246  	 0  	 60  	 30 
73	 -15837.095418083447  	 -11036.898778216048  	 35.85463451741601  	 1  	 60  	 30 
74	 7658.294860081377  	 2151.6786688120987  	 1.1306006890862528  	 0  	 60  	 30 
75	 -5840.669337438937  	 5076.685062529804  	 1.1829903271624433  	 1  	 60  	 30 
76	 -2394.2901569322216  	 -2172.353835612812  	 28.6224172959178  	 1  	 60  	 30 
77	 6468.373016771047  	 11128.91804509234  	 1.4555480119418442  	 0  	 60  	 30 
78	 -4966.840925579648  	 -10912.702505175566  	 1.423516677812271  	 0  	 60  	 30 
79	 14927.675488534338  	 -4726.987022261723  	 2.28508101667336  	 0  	 60  	 30 
80	 4127.728403896815  	 -1094.2302384626832  	 1.6189848402250393  	 0  	 60  	 30 
81	 3843.4436986476635  	 -834.8593069569501  	 1.4234212577682246  	 0  	 60  	 30 
82	 9465.067478335259  	 -12126.895763861408  	 65.30877127353781  	 1  	 60  	 30 
83	 -13394.212044872427  	 -2335.821364567639  	 1.334159919539366  	 0  	 60  	 30 
84	 -9883.76967930245  	 15577.330740578158  	 1.1879103769596493  	 0  	 60  	 30 
85	 -10716.552153168428  	 -14892.18306603678  	 10.991626171767761  	 1  	 60  	 30 
86	 -11566.691079711174  	 -7450.235614808087  	 1.3804697786660665  	 0  	 60  	 30 
87	 -8606.303805618276  	 3754.8245655493097  	 1.021100564689847  	 0  	 60  	 30 
88	 -7761.998210896528  	 -14512.861806628836  	 2.1843682049149953  	 0  	 60  	 30 
89	 5024.357898398218  	 -13222.46631835876  	 0.19228700639872837  	 0  	 60  	 30 
90	 8734.675098436974  	 -13448.429678870465  	 0.8104716798459035  	 0  	 60  	 30 
91	 -1271.6112067256838  	 4346.6668618649055  	 2.0220447118899325  	 0  	 60  	 30 
92	 8404.854273927845  	 -3191.097554240519  	 1.9063211786540664  	 0  	 60  	 30 
93	 -7791.087315579382  	 -3386.0001480231476  	 0.09365961344711793  	 0  	 60  	 30 
94	 4550.635413905359  	 -5562.54021740836  	 62.800901204086124  	 1  	 60  	 30 
95	 12121.716161558354  	 -15529.012812439752  	 40.33052908587233  	 1  	 60  	 30 
96	 -4975.738780394614  	 10123.59659406915  	 2.2452196009243868  	 0  	 60  	 30 
97	 -6388.495597980583  	 -13270.196019746809  	 1.6847169485075184  	 0  	 60  	 30 
98	 15717.919195513072  	 -7069.8353953325795  	 2.4414814381036853  	 0  	 60  	 30 
99	 9926.829642871771  	 6960.773426231422  	 0.8109328651049325  	 0  	 60  	 30 
100	 -15929.312472172573  	 -5170.3691762080125  	 1.8155939327255421  	 0  	 60  	 30 
101	 -2596.077030032882  	 10650.543001866623  	 66.38935329306936  	 1  	 60  	 30 
102	 -15497.327269917096  	 -12961.149080929476  	 1.566546292691375  	 0  	 60  	 30 
103	 -14191.495300106326  	 14513.393534749946  	 2.3421775042797455  	 1  	 60  	 30 
104	 14202.248205206362  	 13375.078311395397  	 46.729884810321835  	 1  	 60  	 30 
105	 -14767.653982889819  	 -594.6837987592398  	 0.28652420134495815  	 0  	 60  	 30 
106	 -13982.623050507613  	 9863.646261128022  	 1.7652554620004037  	 0  	 60  	 30 
107	 8450.159444661664  	 10074.836123078583  	 2.270126867177982  	 0  	 60  	 30 
108	 -11423.223099597742  	 11910.347673229258  	 0.9764606926606767  	 0  	 60  	 30 
109	 7577.737621151289  	 8359.272242685802  	 0.9263454961109863  	 0  	 60  	 30 
110	 7141.347597261508  	 -2198.2570637902786  	 0.3604273499534416  	 0  	 60  	 30 
111	 -5277.80083857653  	 -12098.640560280963  	 2.450239432486152  	 0  	 60  	 30 
112	 -9549.175909099347  	 9379.228916047356  	 1.026970380675543  	 0  	 60  	 30 
113	 12811.183231931043  	 -2537.8733547171464  	 1.5456409016769979  	 0  	 60  	 30 
114	 -1850.4077850938465  	 7864.820619020796  	 5.639970559554927  	 1  	 60  	 30 
115	 -15109.746223459724  	 -14552.321404959705  	 1.5115413660066377  	 0  	 60  	 30 
116	 10487.9856388744  	 -6969.614544996015  	 1.9627857138139442  	 0  	 60  	 30 
117	 -6785.451451149089  	 -2135.030538017792  	 60.45258489738615  	 1  	 60  	 30 
118	 -12164.67087179362  	 -11470.747113715048  	 2.445425483124631  	 0  	 60  	 30 
119	 2537.2213209243423  	 14680.070638557381  	 49.613660932941215  	 1  	 60  	 30 
120	 3102.641476318568  	 -12940.940366734914  	 0.33077887767963166  	 0  	 60  	 30 
121	 13443.589306954857  	 5074.319565751525  	 1.1784657941141095  	 0  	 60  	 30 
122	 -11462.331950540794  	 -10741.730375062258  	 2.290886557917705  	 0  	 60  	 30 
123	 -1904.232782740374  	 -14531.496370446654  	 0.8523006389777013  	 0  	 60  	 30 
124	 -1749.3748611086933  	 -11396.374252039783  	 1.6022879008740922  	 0  	 60  	 30 
125	 8779.434609590005  	 979.4324972911849  	 0.35610555630076035  	 0  	 60  	 30 
126	 -3150.1764331695986  	 -12069.338544777182  	 1.057953377092444  	 0  	 60  	 30 
127	 -11354.6533179746  	 -8793.119795701503  	 33.60383096149975  	 1  	 60  	 30 
128	 -4921.66136719112  	 12498.597057370955  	 1.2773187882309156  	 0  	 60  	 30 
129	 12999.477812372728  	 -7901.223641334804  	 2.2012117542476424  	 0  	 60  	 30 
130	 9540.659842128582  	 -3992.955654104673  	 1.22106231705293  	 0  	 60  	 30 
131	 -8362.234649587723  	 7148.465616234741  	 2.1023364816476873  	 0  	 60  	 30 
132	 7579.446304018726  	 3382.4745389974746  	 24.56730729392715  	 1  	 60  	 30 
133	 -4897.765281350749  	 15765.360309255524  	 48.86241512564269  	 1  	 60  	 30 
134	 6409.2433994593675  	 6910.8238462188465  	 1.4305880645298608  	 0  	 60  	 30 
135	 -6047.14034131196  	 15343.196507841702  	 2.289049750677012  	 0  	 60  	 30 
136	 -11329.351235414048  	 -14690.423176810124  	 2.33113374998922  	 0  	 60  	 30 
137	 -3095.9006016786807  	 1596.8282299006044  	 0.18625361912262772  	 0  	 60  	 30 
138	 12726.488561167565  	 -3161.440010308706  	 24.628123762101904  	 1  	 60  	 30 
139	 4564.637847565337  	 -7093.517355457348  	 1.9769856959545824  	 0  	 60  	 30 
140	 2835.6734232484414  	 14342.951398035813  	 0.2403093252832919  	 0  	 60  	 30 
141	 8237.579644216185  	 -12853.030214423812  	 0.7816861411540366  	 0  	 60  	 30 
142	 -137.71430118139293  	 -5906.813461276345  	 40.20294254324206  	 1  	 60  	 30 
143	 13790.023600750452  	 5021.099931973736  	 0.8719492547738863  	 0  	 60  	 30 
144	 -12493.565813998808  	 14595.577876996958  	 56.126256895573924  	 1  	 60  	 30 
145	 14273.91292955297  	 -4279.288619580378  	 1.6434756917476836  	 0  	 60  	 30 
146	 -5752.748755716103  	 7725.3643304605175  	 2.0466640848328663  	 0  	 60  	 30 
147	 3961.17119167811  	 336.16920096471733  	 0.6345876995015374  	 0  	 60  	 30 
148	 -11679.443270454096  	 -3383.4959512728747  	 1.080044123196813  	 0  	 60  	 30 
149	 5755.32440106278  	 10875.488348271503  	 0.8344475430919146  	 0  	 60  	 30 
150	 -7666.922361865898  	 -7489.204945481305  	 0.3741436454865246  	 0  	 60  	 30 
151	 -4572.086182891093  	 781.1520313456336  	 19.533143992419042  	 1  	 60  	 30 
152	 15302.960139098104  	 -1709.1293677139943  	 0.49716762567553807  	 0  	 60  	 30 
153	 417.25817887693074  	 -671.3424848173025  	 0.5266195156884648  	 0  	 60  	 30 
154	 -12673.144074679552  	 -4895.525592291579  	 1.7479806999585548  	 0  	 60  	 30 
155	 15236.259122315734  	 -6223.071013888196  	 0.8390823304183024  	 0  	 60  	 30 
156	 -13318.757319806165  	 -10344.577900171887  	 2.111832540800557  	 0  	 60  	 30 
157	 -4866.619235871507  	 -1635.5947580238796  	 36.59156900917476  	 1  	 60  	 30 
158	 -4954.706363935603  	 14662.108558403937  	 0.8387942354501596  	 0  	 60  	 30 
159	 4576.373116913975  	 -6446.268472938512  	 0.25908862746643696  	 0  	 60  	 30 
160	 1736.484414475818  	 15217.994358259437  	 1.326546164259634  	 0  	 60  	 30 
161	 -6375.69231873766  	 -5848.335048410342  	 0.36463139820401835  	 0  	 60  	 30 
162	 -1578.3876357556485  	 12451.58519167779  	 0.11415900105435223  	 0  	 60  	 30 
163	 2962.297996987166  	 -2012.5540667703096  	 0.24760743801846924  	 0  	 60  	 30 
164	 -6823.509887496002  	 10510.56705950367  	 1.9185071946805508  	 0  	 60  	 30 
165	 -2924.0100979912468  	 -6690.957057854439  	 2.43057504158564  	 0  	 60  	 30 
166	 -12307.013133924715  	 -10012.70781931846  	 1.269956200071576  	 0  	 60  	 30 
167	 13686.11883747823  	 -14204.757252777506  	 0.8557536691877199  	 0  	 60  	 30 
168	 -1773.62763210114  	 -15106.192506104677  	 1.9289644757157034  	 0  	 60  	 30 
169	 5948.059667090379  	 14128.274644044828  	 2.018010352478298  	 0  	 60  	 30 
170	 15801.304815529174  	 -9153.67347780687  	 0.8902397090998928  	 0  	 60  	 30 
171	 -14930.542523830189  	 2370.8591835913385  	 1.8230965572757447  	 0  	 60  	 30 
172	 2362.858365862303  	 7342.706306510796  	 1.90609119970869  	 0  	 60  	 30 
173	 -15308.164390029136  	 13549.651560897422  	 0.9152758543723547  	 0  	 60  	 30 
174	 -4581.218155036206  	 10073.151378032595  	 1.5856181405494216  	 0  	 60  	 30 
175	 -12020.499456229065  	 -3702.7095775389835  	 1.8434830194302334  	 0  	 60  	 30 
176	 15523.36869945918  	 11306.739520785537  	 1.751374591569341  	 0  	 60  	 30 
177	 -1407.3098439318119  	 -8708.981345522527  	 2.0601553413597467  	 0  	 60  	 30 
178	 -6009.8950835574415  	 -11799.449904649138  	 2.360152357425544  	 0  	 60  	 30 
179	 -5847.725794029124  	 1994.172426331969  	 2.371876555360547  	 0  	 60  	 30 
180	 10640.744636495307  	 14101.844303556694  	 2.4195212777481623  	 0  	 60  	 30 
181	 -8346.725214855998  	 -2458.138545729404  	 1.0859744221648766  	 0  	 60  	 30 
182	 12904.385222800052  	 2540.9406588366505  	 1.956768757030549  	 0  	 60  	 30 
183	 11714.850173868033  	 8668.81316251443  	 2.222211866748956  	 0  	 60  	 30 
184	 -1907.8911269782361  	 -5557.477044120562  	 1.2218782844308318  	 0  	 60  	 30 
185	 -5903.852910464232  	 -4057.8416647946074  	 1.7837132009663588  	 0  	 60  	 30 
186	 7188.603256373696  	 -4082.9723985815976  	 1.431188044186948  	 0  	 60  	 30 
187	 14636.082263341057  	 14467.511991383602  	 1.706265175731121  	 0  	 60  	 30 
188	 -5339.747660673734  	 -8615.523191706357  	 1.9833699070966202  	 0  	 60  	 30 
189	 3094.133297455485  	 -15817.98596909762  	 1.7301342940722106  	 0  	 60  	 30 
190	 881.580529749776  	 -7655.26085689685  	 60.2544880625359  	 1  	 60  	 30 
191	 4068.1127839294504  	 -7761.306304648733  	 0.06354014931357593  	 0  	 60  	 30 
192	 -338.36694631485545  	 -9845.11021927005  	 1.3029496505033245  	 0  	 60  	 30 
193	 3438.179786459499  	 2072.9296819131014  	 1.8319263500865521  	 0  	 60  	 30 
194	 -7686.875096958694  	 11089.898430957206  	 0.8434722314056884  	 0  	 60  	 30 
195	 -7636.071962209372  	 8309.450673658412  	 2.4321690013198065  	 0  	 60  	 30 
196	 -5665.574654800645  	 -2793.637193890093  	 2.1675683753122503  	 0  	 60  	 30 
197	 15488.613826900402  	 10997.295078720497  	 1.0358634647232925  	 0  	 60  	 30 
198	 -12749.419355307302  	 -15126.018553910533  	 1.8213284242247756  	 0  	 60  	 30 
199	 -9761.836351833515  	 -4621.147416444006  	 0.11083020610170552  	 0  	 60  	 30 
200	 12766.937767037962  	 -1280.8611221707001  	 1.169657738657127  	 0  	 60  	 30 
