number_truck 8
number_drone 8
droneLimitationFightTime(s) 3600
Customers 200 
Coordinate X		 Coordinate Y 		Demand		OnlyServicedBytruck		 ServiceTimeByTruck(s)		 ServiceTimeByDrone(s)
1	 14320.428857895233  	 -9832.830267335157  	 2.167601682013518  	 1  	 60  	 30 
2	 17223.488693100586  	 -15539.627562338987  	 1.7802696768878072  	 1  	 60  	 30 
3	 -10276.618010743168  	 2921.321980507962  	 61.3112519884646  	 1  	 60  	 30 
4	 -22217.76951001578  	 27781.138566588736  	 1.3478612714016924  	 1  	 60  	 30 
5	 23669.13029652882  	 -23998.85045754179  	 0.7602501183891566  	 1  	 60  	 30 
6	 25242.034764052936  	 12665.642707794343  	 1.9538669154603419  	 1  	 60  	 30 
7	 22698.18712920241  	 8784.719357979673  	 0.4880408736626418  	 1  	 60  	 30 
8	 -17111.867789193744  	 10230.409246872143  	 1.61401387461269  	 1  	 60  	 30 
9	 19447.55757884602  	 21655.26819515922  	 2.2901884220832973  	 1  	 60  	 30 
10	 18886.59917039964  	 4121.362001688503  	 2.2317155070148122  	 1  	 60  	 30 
11	 13855.539867403679  	 17360.7835630555  	 55.96002608601282  	 1  	 60  	 30 
12	 20883.510693125514  	 27017.615976412537  	 2.274360136262476  	 1  	 60  	 30 
13	 -31720.328498874533  	 9491.620586034  	 1.0188393779575229  	 1  	 60  	 30 
14	 21349.348081861703  	 17185.645271371686  	 1.617111458997587  	 1  	 60  	 30 
15	 -32156.44128649044  	 -30634.22245829143  	 1.7011527557538388  	 1  	 60  	 30 
16	 -12873.564570441224  	 -20271.688255374083  	 2.0405473458353414  	 1  	 60  	 30 
17	 -5942.147819811402  	 29957.37012618905  	 41.60489436321916  	 1  	 60  	 30 
18	 6428.561972255899  	 23286.545160547645  	 2.4934665484282528  	 1  	 60  	 30 
19	 -1044.4100727502794  	 -21504.158127585517  	 4.562630946387552  	 1  	 60  	 30 
20	 -8577.452011069154  	 -12207.585710420586  	 1.3571902643461131  	 0  	 60  	 30 
21	 17469.088017811406  	 -17723.90969435021  	 46.87294932297602  	 1  	 60  	 30 
22	 26201.557303758043  	 4309.757152227728  	 1.072687569673868  	 1  	 60  	 30 
23	 7495.3031515803705  	 2149.943048691258  	 47.76212789543284  	 1  	 60  	 30 
24	 -4523.286357541406  	 -3343.5095047936425  	 1.116852173920658  	 0  	 60  	 30 
25	 24422.640856121947  	 -826.4696330512907  	 0.22450878597779  	 1  	 60  	 30 
26	 -22147.49658130565  	 13021.712783752779  	 0.9392591532394232  	 1  	 60  	 30 
27	 1136.6670253633713  	 30411.896663640997  	 0.442391268061863  	 1  	 60  	 30 
28	 6825.649396517917  	 8822.44895160296  	 0.09572924693549006  	 0  	 60  	 30 
29	 29959.631352341963  	 -10266.844982836841  	 1.2752501083378482  	 1  	 60  	 30 
30	 7448.431425627209  	 -28780.12065377963  	 0.9400295036486936  	 1  	 60  	 30 
31	 -888.1954158047824  	 -11380.571434391684  	 0.46106797544718553  	 0  	 60  	 30 
32	 24579.54042254066  	 4333.143220635462  	 2.3600376945493906  	 1  	 60  	 30 
33	 27326.509177708333  	 6286.107291218969  	 1.1241018877593096  	 1  	 60  	 30 
34	 -26493.712258712643  	 10282.295325252027  	 1.1696992613064652  	 1  	 60  	 30 
35	 2029.8943962319665  	 29444.795712059415  	 2.32554668403484  	 1  	 60  	 30 
36	 26654.54713803195  	 -30865.696735371042  	 0.8931043092999441  	 1  	 60  	 30 
37	 18772.994802544654  	 -13074.00687240597  	 2.42135786616892  	 1  	 60  	 30 
38	 -1875.500373199494  	 -29919.5267145905  	 0.8020134697156709  	 1  	 60  	 30 
39	 -4859.740984005099  	 23572.373627771893  	 2.151062120768125  	 1  	 60  	 30 
40	 30683.098766229894  	 -874.0643381209056  	 1.1931599733565987  	 1  	 60  	 30 
41	 31513.908983243862  	 189.2814213373319  	 0.006383500351464788  	 1  	 60  	 30 
42	 13531.835931441965  	 19655.371781244685  	 42.23640954703865  	 1  	 60  	 30 
43	 17226.509724853717  	 19251.632050319866  	 0.5535130307618075  	 1  	 60  	 30 
44	 3293.806180079616  	 -2900.01746307303  	 1.0918365608386413  	 0  	 60  	 30 
45	 22294.19863162005  	 -5891.949414293037  	 2.007851010803389  	 1  	 60  	 30 
46	 9958.20736051657  	 -14359.585288001406  	 0.27185197490644825  	 0  	 60  	 30 
47	 5449.836671002895  	 29194.603894576238  	 2.4850485227194987  	 1  	 60  	 30 
48	 -28183.334123050663  	 24731.2777667316  	 0.5433663960077678  	 1  	 60  	 30 
49	 24612.879834489653  	 -16945.41324585157  	 67.40205375972472  	 1  	 60  	 30 
50	 -12965.867497551797  	 -4431.129745384519  	 7.02370959840225  	 1  	 60  	 30 
51	 27692.151459140496  	 13863.626241485475  	 1.7278578037593164  	 0  	 60  	 30 
52	 -15642.096618220032  	 -10040.272342931708  	 0.13448562706620787  	 0  	 60  	 30 
53	 -8571.089314965271  	 -3546.6295906205332  	 1.8051665453337906  	 0  	 60  	 30 
54	 27148.291869069242  	 22049.54956645571  	 20.446698108694964  	 1  	 60  	 30 
55	 -31020.424860359868  	 28962.443134928137  	 1.2961629497452785  	 0  	 60  	 30 
56	 14805.054351564031  	 -10574.218779125667  	 2.065040044070735  	 0  	 60  	 30 
57	 9273.493590445429  	 14668.592734327649  	 1.1718515294106386  	 0  	 60  	 30 
58	 7959.994409826033  	 -30658.263566869962  	 27.266662771129354  	 1  	 60  	 30 
59	 -8351.655597112047  	 -10046.257678656508  	 0.9964149532682803  	 0  	 60  	 30 
60	 -26303.278728717112  	 -13702.863562254133  	 2.3492943281644934  	 0  	 60  	 30 
61	 14723.020676638034  	 -11372.130976631563  	 2.2795441123489546  	 0  	 60  	 30 
62	 16233.578753890813  	 12647.421626370564  	 2.4159918626672563  	 0  	 60  	 30 
63	 -1025.2635415934906  	 -12977.368936168199  	 25.96714471469693  	 1  	 60  	 30 
64	 -14108.619678657626  	 14401.212278407056  	 0.4879443782240622  	 0  	 60  	 30 
65	 11025.982098665232  	 -24631.01065475302  	 1.119084590448326  	 0  	 60  	 30 
66	 14585.151578289147  	 -793.7415295338243  	 2.1365819104939323  	 0  	 60  	 30 
67	 1294.9397930937603  	 23945.2428771642  	 1.9483045988944834  	 0  	 60  	 30 
68	 1615.7419179792764  	 -24756.11000437605  	 0.3608329198127225  	 0  	 60  	 30 
69	 -19788.20447028578  	 -28919.69085596833  	 2.019295543264757  	 0  	 60  	 30 
70	 16429.992214859125  	 3340.4823036101734  	 10.895815301740303  	 1  	 60  	 30 
71	 579.0168995424827  	 -14465.505151802588  	 0.030595254435056007  	 0  	 60  	 30 
72	 -3819.0481672716496  	 25707.78689479707  	 1.0903677445141247  	 0  	 60  	 30 
73	 -26515.218710590863  	 -11188.288519591944  	 0.7296385500994962  	 0  	 60  	 30 
74	 28832.372464738633  	 7676.30922932479  	 1.047400698899236  	 0  	 60  	 30 
75	 5009.689046499804  	 -5402.6212450725325  	 2.1339524555390965  	 0  	 60  	 30 
76	 18068.42598486028  	 -20727.042547488814  	 45.09186730758154  	 1  	 60  	 30 
77	 25847.60838725845  	 26800.46235217883  	 0.28607441696810093  	 0  	 60  	 30 
78	 -11434.04214453465  	 30203.931088847727  	 62.808972457641524  	 1  	 60  	 30 
79	 12631.549326551289  	 31862.991260022958  	 0.9660194672784581  	 0  	 60  	 30 
80	 -11175.335961488137  	 6028.487874007556  	 0.2972677781667099  	 0  	 60  	 30 
81	 -8485.183531150476  	 23972.623554686117  	 0.9101262993768313  	 0  	 60  	 30 
82	 -18933.289179688632  	 21251.594519814396  	 1.6068574776298443  	 0  	 60  	 30 
83	 -3742.4404796865692  	 9795.870373166279  	 1.7101094176540268  	 0  	 60  	 30 
84	 -4936.719634357075  	 24337.718957857112  	 0.592886167345289  	 0  	 60  	 30 
85	 -23959.053097180073  	 27928.15094648958  	 0.19114570227993205  	 0  	 60  	 30 
86	 1980.0486055240667  	 13176.999113633627  	 28.79324351560782  	 1  	 60  	 30 
87	 -13806.493251224007  	 10612.708110143207  	 2.192823395054166  	 0  	 60  	 30 
88	 10407.213813685536  	 5051.795684849718  	 1.903416151987975  	 0  	 60  	 30 
89	 -18872.614066399146  	 28232.732029335144  	 2.301782009143599  	 0  	 60  	 30 
90	 1600.5088552642283  	 -24400.9851370599  	 5.8193310668043345  	 1  	 60  	 30 
91	 25472.22394215268  	 12577.959828302653  	 7.998621275556821  	 1  	 60  	 30 
92	 -19209.358446273676  	 -2642.987211965389  	 1.4899801999456481  	 0  	 60  	 30 
93	 17396.291219474515  	 2193.336751449051  	 2.4966550372024425  	 0  	 60  	 30 
94	 -13104.251034793275  	 -12279.522251503528  	 1.125536083558236  	 0  	 60  	 30 
95	 29784.47570822517  	 -26375.88256728507  	 1.7600947375006903  	 0  	 60  	 30 
96	 -16561.336899812864  	 -27183.431034535635  	 1.4215429615495967  	 0  	 60  	 30 
97	 9207.083865816596  	 12183.056114197123  	 0.6442304140174748  	 0  	 60  	 30 
98	 20180.486399131914  	 -12556.207709877513  	 1.6806701500851466  	 0  	 60  	 30 
99	 -29464.052797929082  	 -17385.273067349583  	 40.16766131552296  	 1  	 60  	 30 
100	 -23278.416241060804  	 -29590.058273810293  	 1.7332519821744221  	 0  	 60  	 30 
101	 -25681.273422735223  	 459.56536887544706  	 0.041898501767244634  	 0  	 60  	 30 
102	 17879.74140737365  	 30698.882644635996  	 2.3664148848387767  	 0  	 60  	 30 
103	 26974.64880284653  	 -4553.067397631149  	 1.2326702542190862  	 0  	 60  	 30 
104	 9929.517695234093  	 -4607.068017679128  	 1.0554811941929543  	 0  	 60  	 30 
105	 -4405.425980221404  	 21775.447487035413  	 0.2642562545991986  	 0  	 60  	 30 
106	 25305.858789770416  	 -1183.5626174726297  	 2.108977842899274  	 0  	 60  	 30 
107	 31464.266669686225  	 25039.33892164174  	 41.523087806429416  	 1  	 60  	 30 
108	 23921.579878386692  	 26034.033926439457  	 0.9635776912373737  	 0  	 60  	 30 
109	 16936.698894063196  	 -19639.149330741486  	 0.29459206492064405  	 0  	 60  	 30 
110	 -30343.972735745756  	 9234.778015426986  	 0.49030184113922404  	 0  	 60  	 30 
111	 -21818.158569294217  	 -19466.841838658307  	 0.2736551207542706  	 0  	 60  	 30 
112	 -17052.10125036202  	 31666.51945129565  	 0.2983114308639559  	 0  	 60  	 30 
113	 10626.622544934302  	 -2180.69756539027  	 0.689573989784781  	 0  	 60  	 30 
114	 17771.106513136696  	 16756.990794743862  	 19.46754217235537  	 1  	 60  	 30 
115	 18082.681384315467  	 24752.41944162079  	 2.397319369553146  	 0  	 60  	 30 
116	 -16411.228947936535  	 -30130.668308168915  	 0.7070283312827313  	 0  	 60  	 30 
117	 -31104.487351147  	 27900.799522908997  	 1.027140966216329  	 0  	 60  	 30 
118	 25872.379364863533  	 -10605.855964534449  	 1.5186909438441234  	 0  	 60  	 30 
119	 -27680.632329386503  	 1513.6512532251452  	 1.8519425175069892  	 0  	 60  	 30 
120	 -13244.735086507726  	 -11915.03648295072  	 2.1555062592378658  	 0  	 60  	 30 
121	 9405.75694832701  	 -26559.460826099916  	 1.3875971831148086  	 0  	 60  	 30 
122	 -19697.818754095733  	 -17129.851144751454  	 20.38923619313678  	 1  	 60  	 30 
123	 5645.735729456862  	 24932.205307279375  	 1.4000321121570758  	 0  	 60  	 30 
124	 -22576.69764214016  	 25002.314736649463  	 2.160514262941341  	 0  	 60  	 30 
125	 -16906.796894761872  	 15781.337730162826  	 44.88923031103048  	 1  	 60  	 30 
126	 -19141.222354158355  	 17227.575846232212  	 43.040771220943704  	 1  	 60  	 30 
127	 -18583.91016802434  	 9830.530970475947  	 17.558012524578018  	 1  	 60  	 30 
128	 4924.219517889845  	 2619.0923390204803  	 2.4930749196747777  	 0  	 60  	 30 
129	 -31594.105398963944  	 30138.95335053491  	 2.129208233713099  	 0  	 60  	 30 
130	 -7966.333617572985  	 -19157.37059331952  	 1.130329795441539  	 0  	 60  	 30 
131	 -23430.616652916673  	 -22099.445949415072  	 24.447243107522393  	 1  	 60  	 30 
132	 7231.206276209611  	 -2566.9753522208252  	 2.1024297049271383  	 0  	 60  	 30 
133	 10408.428918883328  	 -14063.76764557889  	 2.4774904987446202  	 0  	 60  	 30 
134	 -26297.97964999535  	 -19721.305687508644  	 59.83224999451035  	 1  	 60  	 30 
135	 -6801.293674032308  	 13079.340267786782  	 1.6450553952231224  	 0  	 60  	 30 
136	 30792.311281745024  	 -27667.538612599823  	 0.010707699717989738  	 0  	 60  	 30 
137	 -26202.314942039782  	 12443.986247199218  	 1.4775276322508446  	 0  	 60  	 30 
138	 -27163.17260604826  	 9437.659804414807  	 0.9400324192411127  	 0  	 60  	 30 
139	 -6753.1277490092825  	 27072.474587250836  	 1.1718399338200594  	 0  	 60  	 30 
140	 -23135.718401669943  	 2605.8705451214432  	 1.9282971331921361  	 0  	 60  	 30 
141	 -7366.846526160034  	 -31205.778990292492  	 0.09997465115637177  	 0  	 60  	 30 
142	 15312.33258697498  	 176.070303795159  	 1.636401967740162  	 0  	 60  	 30 
143	 31019.947306350303  	 10949.610033755622  	 0.444283282078069  	 0  	 60  	 30 
144	 888.0058101081437  	 -1723.0426950337658  	 1.8399204496643176  	 0  	 60  	 30 
145	 3998.4600031236487  	 31149.05131336611  	 0.9016837105117217  	 0  	 60  	 30 
146	 23104.93475369143  	 29077.933644021898  	 1.7251090347193065  	 0  	 60  	 30 
147	 715.5120984443446  	 -31859.795306395183  	 58.320774214737035  	 1  	 60  	 30 
148	 -12251.53207782676  	 -15067.5630996906  	 2.311411987417867  	 0  	 60  	 30 
149	 7125.013173389124  	 11756.85275484262  	 0.23922019891117835  	 0  	 60  	 30 
150	 -17800.28213276502  	 4459.70825655469  	 1.361789877074044  	 0  	 60  	 30 
151	 -3241.050265028184  	 11632.628198584913  	 8.779033153493199  	 1  	 60  	 30 
152	 1945.1219843905571  	 9622.959130997897  	 2.267199330965047  	 0  	 60  	 30 
153	 -14189.309706381518  	 17032.89613862036  	 2.0155820649940965  	 0  	 60  	 30 
154	 7146.904223978174  	 24522.02691341307  	 1.0165530731401287  	 0  	 60  	 30 
155	 31659.434986930228  	 13825.940234193615  	 1.9784092151707715  	 0  	 60  	 30 
156	 6768.042162556558  	 25892.84296204049  	 0.9884872005555321  	 0  	 60  	 30 
157	 -23063.199784766894  	 30648.496901379436  	 1.7101225054148326  	 0  	 60  	 30 
158	 12586.337694060661  	 22612.329975921937  	 0.9262652279781411  	 0  	 60  	 30 
159	 -19568.623620062786  	 -51.120510846101496  	 0.516805169333146  	 0  	 60  	 30 
160	 -20979.35222272385  	 -16753.210642561146  	 2.0821451269052824  	 0  	 60  	 30 
161	 -4598.619778492251  	 -1214.228619500592  	 1.9416752133438784  	 0  	 60  	 30 
162	 -10466.731105847708  	 19260.47040370275  	 32.43454673325696  	 1  	 60  	 30 
163	 -23110.513916845117  	 29757.7588737359  	 2.411452272091371  	 0  	 60  	 30 
164	 859.5848935419725  	 24492.950095169843  	 1.1702976259206654  	 0  	 60  	 30 
165	 -23596.77151577091  	 -871.4146533566143  	 0.8148835099782653  	 0  	 60  	 30 
166	 17379.669332659774  	 -16805.977485542095  	 26.746264502842102  	 1  	 60  	 30 
167	 6529.142727538368  	 -14057.304024416495  	 0.9372571735915223  	 0  	 60  	 30 
168	 -25303.94767365053  	 -13709.685326810237  	 1.0506178606197376  	 0  	 60  	 30 
169	 24758.60215965857  	 10786.471298951288  	 1.799731924824465  	 0  	 60  	 30 
170	 -20575.779093419107  	 -22742.233659024005  	 1.232821861265062  	 0  	 60  	 30 
171	 15654.142980930845  	 9540.425947373687  	 1.5773097957869857  	 0  	 60  	 30 
172	 23325.6326860888  	 -26821.148721897673  	 0.5773245481068354  	 0  	 60  	 30 
173	 -26542.703192797522  	 25449.777065070815  	 1.394281249208621  	 0  	 60  	 30 
174	 -20275.76946617287  	 -22313.358505607233  	 1.5555348640054936  	 0  	 60  	 30 
175	 -10425.136825248546  	 5196.578265174365  	 0.9209701668001774  	 0  	 60  	 30 
176	 -1870.4948936396233  	 -22681.051133300745  	 29.03749131539793  	 1  	 60  	 30 
177	 21736.496099485816  	 16972.82220455369  	 23.999899682826424  	 1  	 60  	 30 
178	 12859.897259462507  	 -21717.132008520926  	 2.34812196810983  	 0  	 60  	 30 
179	 32063.726809798398  	 -13444.201347752787  	 0.22015782512869592  	 0  	 60  	 30 
180	 -5627.045621626666  	 -7650.251630173679  	 1.100400314971277  	 0  	 60  	 30 
181	 -25717.345633941273  	 -5306.754282910248  	 0.503939536725174  	 0  	 60  	 30 
182	 13151.706415898454  	 25441.57658818453  	 1.8053744065535255  	 0  	 60  	 30 
183	 27638.531706082606  	 6491.4388546433065  	 2.353844818150744  	 0  	 60  	 30 
184	 -25424.731517525946  	 9815.664601559844  	 2.106747647652021  	 0  	 60  	 30 
185	 10567.474224725624  	 -20446.87460891866  	 30.9272655098809  	 1  	 60  	 30 
186	 -6350.938946776296  	 23090.541425108473  	 0.7345293317948082  	 0  	 60  	 30 
187	 13214.439194801593  	 26230.43143812444  	 0.9507514567395001  	 0  	 60  	 30 
188	 12734.360056088464  	 -5278.277913072463  	 1.5863529416808475  	 0  	 60  	 30 
189	 -9061.867893831275  	 -417.4763391634081  	 2.215597130647828  	 0  	 60  	 30 
190	 -14791.805331972375  	 -16531.52276111141  	 1.773180699174692  	 0  	 60  	 30 
191	 3836.293361906063  	 13055.335314608605  	 13.51043542540476  	 1  	 60  	 30 
192	 -31508.41127103641  	 1152.1139209895  	 2.115721670439167  	 0  	 60  	 30 
193	 -29027.17043800499  	 8184.805104103192  	 0.3872768797866358  	 0  	 60  	 30 
194	 967.5564061396257  	 -16556.301929607675  	 1.702892939022222  	 0  	 60  	 30 
195	 12789.534803975721  	 -23098.42123988978  	 0.6414445223819263  	 0  	 60  	 30 
196	 -24727.415482908484  	 9522.53742419499  	 35.214641162457184  	 1  	 60  	 30 
197	 25075.696158933493  	 14905.66428519602  	 2.043377729962705  	 0  	 60  	 30 
198	 -5966.2299659688715  	 -12692.504257393017  	 0.6085183674139905  	 0  	 60  	 30 
199	 -23592.237482799574  	 -21963.17547098939  	 0.06052045552170593  	 0  	 60  	 30 
200	 -27874.295590017704  	 -31730.486211656953  	 1.4421456848988223  	 0  	 60  	 30 
