number_truck 1
number_drone 1
droneLimitationFightTime(s) 3600
Customers 6 
Coordinate X		 Coordinate Y 		Demand		OnlyServicedBytruck		 ServiceTimeByTruck(s)		 ServiceTimeByDrone(s)
3712.7411914507643	4009.996057854936	2.243192856855262	0	60 	30
3350.2865980514193	-2383.2006408358197	2.1247827521181812	0	60 	30
-6707.428473706718	6900.0313850848415	1.9618995764131522	0	60 	30
1431.7978807465176	-434.9315373647644	0.9565848344624852	0	60 	30
4356.441961907426	-4507.001427207071	2.166658702656374	0	60 	30
-6382.68433869471	-946.0104599688508	0.25775346644914016	0	60 	30
