number_truck 1
number_drone 1
droneLimitationFightTime(s) 3600
Customers 6 
Coordinate X		 Coordinate Y 		Demand		OnlyServicedBytruck		 ServiceTimeByTruck(s)		 ServiceTimeByDrone(s)
3705.532797070392	1559.3188652396339	2.0216933061142135	0	60 	30
953.2185760572546	3482.7602936121775	1.5625809711531504	0	60 	30
-1234.6615768892816	6564.721621881529	2.194660704541433	0	60 	30
-2796.3205401302775	6263.6004304523985	1.0321976887502893	0	60 	30
767.7675821884075	6082.52330834429	1.709788635269509	0	60 	30
2004.025662528223	-7544.728316539368	0.13254218537749107	0	60 	30
