Customers 150 
Coordinate X		 Coordinate Y 		Demand 
1	 14602.960938 	 -29638.980469 	 37.56337993279121  	 1  	 60  	 30 
2	 8190.507324 	 -13739.736328 	 62.49399910955656  	 1  	 60  	 30 
3	 -31687.728516 	 16065.427734 	 14.647504925452385  	 1  	 60  	 30 
4	 27651.628906 	 -15930.481445 	 0.10685535153527742  	 1  	 60  	 30 
5	 9848.115234 	 -27116.091797 	 34.924502624607534  	 1  	 60  	 30 
6	 -7397.684082 	 -24783.847656 	 0.18093691861953698  	 1  	 60  	 30 
7	 -3545.862793 	 18216.363281 	 1.4486149242846091  	 0  	 60  	 30 
8	 1243.634766 	 12116.108398 	 2.4761409260818295  	 0  	 60  	 30 
9	 -11903.495117 	 29809.824219 	 1.6410332103903862  	 1  	 60  	 30 
10	 5081.683105 	 7126.916992 	 24.68177210915986  	 1  	 60  	 30 
11	 -22356.849609 	 17162.111328 	 1.771443615407966  	 1  	 60  	 30 
12	 -2653.667480 	 11977.579102 	 2.1518574892889832  	 0  	 60  	 30 
13	 4491.056641 	 -3927.347900 	 0.18732043442912433  	 1  	 60  	 30 
14	 19703.119141 	 15909.120117 	 1.3313315506594245  	 1  	 60  	 30 
15	 8157.036621 	 -23520.337891 	 2.359092008259392  	 1  	 60  	 30 
16	 -4443.658203 	 5085.362793 	 0.18319592453059141  	 1  	 60  	 30 
17	 17539.292969 	 -22666.855469 	 65.96804353040562  	 1  	 60  	 30 
18	 -6302.577148 	 11949.266602 	 0.7156792621705501  	 0  	 60  	 30 
19	 178.379608 	 -1653.456909 	 1.2124768290156505  	 1  	 60  	 30 
20	 -2820.585693 	 28040.736328 	 56.618886682707554  	 1  	 60  	 30 
21	 -588.335632 	 23310.458984 	 0.09634946426019614  	 1  	 60  	 30 
22	 6479.250977 	 -8246.726563 	 0.603095222874957  	 0  	 60  	 30 
23	 -19689.693359 	 16998.099609 	 0.5360640529114213  	 1  	 60  	 30 
24	 -29742.898438 	 14226.565430 	 0.9665821193903862  	 1  	 60  	 30 
25	 -19893.931641 	 22532.664063 	 2.4380188024314986  	 1  	 60  	 30 
26	 18719.564453 	 -7312.011719 	 1.397315541532282  	 1  	 60  	 30 
27	 16183.742188 	 31565.119141 	 67.23959597219589  	 1  	 60  	 30 
28	 10094.088867 	 29725.312500 	 2.3674600783581443  	 1  	 60  	 30 
29	 -6708.255371 	 23813.791016 	 1.6590907294500725  	 1  	 60  	 30 
30	 -8240.636719 	 3133.586182 	 0.6209503997590029  	 1  	 60  	 30 
31	 -3536.152344 	 9248.215820 	 2.181620608599229  	 0  	 60  	 30 
32	 -25010.167969 	 -5500.296875 	 1.3712360230187368  	 1  	 60  	 30 
33	 20392.970703 	 -13333.337891 	 1.4359907961842926  	 1  	 60  	 30 
34	 13309.915039 	 17728.007813 	 2.0250576714415818  	 1  	 60  	 30 
35	 4552.058105 	 6004.591797 	 2.045821596609048  	 1  	 60  	 30 
36	 -18793.136719 	 15374.053711 	 1.4263957436733365  	 1  	 60  	 30 
37	 29472.921875 	 22815.861328 	 2.1205791717487203  	 1  	 60  	 30 
38	 11011.046875 	 12395.868164 	 1.7397316451724025  	 0  	 60  	 30 
39	 30698.492188 	 21945.130859 	 0.6984832552545472  	 1  	 60  	 30 
40	 -13098.213867 	 11157.450195 	 21.279165311625643  	 1  	 60  	 30 
41	 12357.339844 	 2272.873779 	 1.4293139341906713  	 1  	 60  	 30 
42	 -12735.258789 	 95.823013 	 0.2157077996575435  	 0  	 60  	 30 
43	 20315.544922 	 9870.273438 	 0.6787569502645017  	 1  	 60  	 30 
44	 -22201.437500 	 13941.201172 	 2.4673569357998577  	 1  	 60  	 30 
45	 -12188.847656 	 -27620.617188 	 1.8609299624571565  	 1  	 60  	 30 
46	 -29325.990234 	 6352.386719 	 1.206983129182178  	 1  	 60  	 30 
47	 -31188.525391 	 4757.840332 	 26.88508661834872  	 1  	 60  	 30 
48	 14307.667969 	 20032.535156 	 0.41627994097301946  	 1  	 60  	 30 
49	 2954.917480 	 5786.325195 	 31.12699439258669  	 1  	 60  	 30 
50	 -26231.759766 	 -3240.977051 	 42.96463655713143  	 1  	 60  	 30 
51	 30757.166016 	 20148.019531 	 0.4076203676123097  	 0  	 60  	 30 
52	 -20842.847656 	 2073.764160 	 0.7026015266189134  	 1  	 60  	 30 
53	 -28012.984375 	 24544.306641 	 1.6048114504797286  	 0  	 60  	 30 
54	 -10798.145508 	 -18239.916016 	 0.450556591247806  	 0  	 60  	 30 
55	 31836.878906 	 1106.713623 	 1.5295099203231974  	 0  	 60  	 30 
56	 23326.365234 	 -14213.488281 	 1.4202725728605328  	 0  	 60  	 30 
57	 28134.451172 	 18733.779297 	 0.784258596715463  	 0  	 60  	 30 
58	 -7760.582031 	 9030.411133 	 2.144956473215349  	 0  	 60  	 30 
59	 25109.783203 	 -5298.762207 	 2.244562659549636  	 0  	 60  	 30 
60	 4381.976563 	 30406.988281 	 1.0880492144236182  	 0  	 60  	 30 
61	 4799.822754 	 -16287.825195 	 0.25591748639026995  	 0  	 60  	 30 
62	 -18285.939453 	 11265.801758 	 0.4912087166742665  	 0  	 60  	 30 
63	 -7438.918945 	 -9187.209961 	 0.44378151815096245  	 0  	 60  	 30 
64	 9358.278320 	 16251.936523 	 62.37835702690227  	 1  	 60  	 30 
65	 9299.291992 	 -5593.605469 	 0.6931360547379997  	 0  	 60  	 30 
66	 27272.369141 	 -7813.672852 	 1.9344677728616257  	 0  	 60  	 30 
67	 11601.508789 	 -19538.726563 	 1.9792713956682964  	 1  	 60  	 30 
68	 -1213.025757 	 -20288.373047 	 1.704629251946318  	 1  	 60  	 30 
69	 -2950.479736 	 -1777.734253 	 0.8564402400992194  	 1  	 60  	 30 
70	 -31149.041016 	 3576.906738 	 15.081212022598633  	 1  	 60  	 30 
71	 17471.619141 	 6334.874023 	 1.0360197915617628  	 0  	 60  	 30 
72	 20282.447266 	 -2120.869873 	 0.3685144667613491  	 0  	 60  	 30 
73	 -12269.596680 	 2493.753906 	 57.80353374296073  	 1  	 60  	 30 
74	 23669.949219 	 9925.562500 	 0.9639080587611384  	 0  	 60  	 30 
75	 30594.458984 	 -19783.191406 	 1.6071928068974475  	 0  	 60  	 30 
76	 -6108.284668 	 -23129.380859 	 0.26462810919333113  	 0  	 60  	 30 
77	 -9993.614258 	 -19450.865234 	 2.171542878822354  	 0  	 60  	 30 
78	 15480.500000 	 -5285.898438 	 1.8618868753834783  	 0  	 60  	 30 
79	 -20166.974609 	 7605.627930 	 1.3229466821221527  	 0  	 60  	 30 
80	 2626.273926 	 19759.558594 	 1.1451735216317003  	 0  	 60  	 30 
81	 -11138.842773 	 -20803.876953 	 50.40550576637587  	 1  	 60  	 30 
82	 26318.054688 	 18680.087891 	 1.3929738166788046  	 0  	 60  	 30 
83	 -9303.894531 	 28617.466797 	 1.382755150322721  	 0  	 60  	 30 
84	 26011.419922 	 -9907.654297 	 35.0675702864562  	 1  	 60  	 30 
85	 27732.537109 	 9197.567383 	 0.8988322171098473  	 0  	 60  	 30 
86	 -7622.352539 	 4742.455078 	 0.6613304699456559  	 0  	 60  	 30 
87	 11954.497070 	 30455.474609 	 1.3412522148144488  	 0  	 60  	 30 
88	 -14303.341797 	 -23114.203125 	 0.653822269474351  	 0  	 60  	 30 
89	 31392.742188 	 8418.893555 	 2.158727015857825  	 0  	 60  	 30 
90	 14285.307617 	 -10112.824219 	 4.864118938616283  	 1  	 60  	 30 
91	 -28420.773438 	 26776.390625 	 2.4975908167198773  	 1  	 60  	 30 
92	 6566.794434 	 19579.714844 	 1.133899918927432  	 0  	 60  	 30 
93	 -18876.767578 	 -25792.279297 	 2.0028312644298394  	 0  	 60  	 30 
94	 -2266.856934 	 -25030.585938 	 0.3968830410552296  	 0  	 60  	 30 
95	 -20800.261719 	 29261.888672 	 1.1383169641295756  	 0  	 60  	 30 
96	 24310.117188 	 26361.699219 	 1.0644735557151876  	 0  	 60  	 30 
97	 23755.757813 	 -24675.574219 	 43.97094933511862  	 1  	 60  	 30 
98	 8510.517578 	 -16018.691406 	 1.858225128590922  	 0  	 60  	 30 
99	 27906.466797 	 -20792.138672 	 0.3837593787242663  	 0  	 60  	 30 
100	 -5271.148926 	 -17575.373047 	 1.831660658418727  	 0  	 60  	 30 
101	 31777.570313 	 11236.870117 	 2.17445204283556  	 1  	 60  	 30 
102	 22272.492188 	 -21269.365234 	 0.6177914463517087  	 1  	 60  	 30 
103	 67.811043 	 -6813.505371 	 1.8879350137608815  	 0  	 60  	 30 
104	 28869.115234 	 29728.380859 	 1.8725893782268341  	 0  	 60  	 30 
105	 -1466.771240 	 8460.497070 	 1.022576477276562  	 0  	 60  	 30 
106	 2462.771484 	 -17014.882813 	 0.783553560369751  	 1  	 60  	 30 
107	 9348.274414 	 -10636.126953 	 1.1419699777612522  	 0  	 60  	 30 
108	 -28831.660156 	 -162.551010 	 2.1375110707461045  	 1  	 60  	 30 
109	 13237.794922 	 -13869.438477 	 1.4154681159224458  	 0  	 60  	 30 
110	 16709.927734 	 -2345.997559 	 1.0667933219735564  	 0  	 60  	 30 
111	 16763.396484 	 14131.963867 	 0.13103636681762842  	 0  	 60  	 30 
112	 -2226.606934 	 -23012.423828 	 1.7179282754232326  	 0  	 60  	 30 
113	 -23264.603516 	 -27621.849609 	 21.81119691477637  	 1  	 60  	 30 
114	 -26731.492188 	 -3311.909180 	 2.211988680446747  	 0  	 60  	 30 
115	 -23943.330078 	 13769.745117 	 1.0948042045776103  	 0  	 60  	 30 
116	 14140.173828 	 -7639.721191 	 2.3907383847233232  	 1  	 60  	 30 
117	 -8579.603516 	 25564.744141 	 0.247987313363007  	 0  	 60  	 30 
118	 -24704.187500 	 -28488.560547 	 1.4677151575031724  	 0  	 60  	 30 
119	 25596.437500 	 -15449.292969 	 0.1414096633749376  	 0  	 60  	 30 
120	 8430.296875 	 -23896.785156 	 0.8283930589435795  	 0  	 60  	 30 
121	 -23084.873047 	 6320.538086 	 0.34497677894607365  	 0  	 60  	 30 
122	 -26694.410156 	 -8202.099609 	 0.34856292769901404  	 1  	 60  	 30 
123	 -13503.613281 	 18494.707031 	 53.98138687366609  	 1  	 60  	 30 
124	 -23327.541016 	 -716.777527 	 60.79691248228045  	 1  	 60  	 30 
125	 24283.816406 	 -30569.869141 	 0.04892427849039788  	 1  	 60  	 30 
126	 -28916.212891 	 -7088.656738 	 1.9380695979141362  	 0  	 60  	 30 
127	 1607.201782 	 19456.574219 	 1.9164248700840536  	 1  	 60  	 30 
128	 31237.695313 	 1101.998657 	 1.5888786301552913  	 1  	 60  	 30 
129	 -23996.890625 	 -15346.035156 	 1.9713588026339888  	 1  	 60  	 30 
130	 -19603.609375 	 30305.919922 	 1.4826686300233356  	 0  	 60  	 30 
131	 30116.630859 	 22968.697266 	 1.6783668173145152  	 0  	 60  	 30 
132	 16705.716797 	 -834.734863 	 40.490946294680114  	 1  	 60  	 30 
133	 1963.146240 	 -1965.265747 	 42.04820302037524  	 1  	 60  	 30 
134	 14170.566406 	 3095.598389 	 1.526653276372318  	 0  	 60  	 30 
135	 -31968.078125 	 -6700.452148 	 2.2927560163487386  	 0  	 60  	 30 
136	 17154.722656 	 -21864.636719 	 2.2351193589353606  	 0  	 60  	 30 
137	 14983.660156 	 23369.939453 	 42.31518521398941  	 1  	 60  	 30 
138	 21588.664063 	 -26669.050781 	 0.33815608393776925  	 0  	 60  	 30 
139	 -23883.767578 	 31145.371094 	 0.7926238925356379  	 0  	 60  	 30 
140	 -15399.283203 	 3942.936279 	 1.5572873385164048  	 1  	 60  	 30 
141	 17987.031250 	 -12072.180664 	 1.2195810687574518  	 0  	 60  	 30 
142	 -9597.285156 	 18818.798828 	 64.75498316419325  	 1  	 60  	 30 
143	 17488.251953 	 -5835.759766 	 1.6871035672858634  	 0  	 60  	 30 
144	 1365.892334 	 16382.052734 	 1.1725370305584848  	 1  	 60  	 30 
145	 -1204.067993 	 -27296.980469 	 0.5687033981293033  	 1  	 60  	 30 
146	 -8838.179688 	 -26460.464844 	 2.0484309356913104  	 0  	 60  	 30 
147	 -11082.611328 	 -21241.525391 	 2.0500069435758825  	 0  	 60  	 30 
148	 -14535.497070 	 -23988.410156 	 0.35197232300563985  	 0  	 60  	 30 
149	 -15895.229492 	 -21831.554688 	 38.588369569568  	 1  	 60  	 30 
150	 2418.414307 	 -10920.727539 	 2.010700504697111  	 0  	 60  	 30 
