number_truck 1
number_drone 1
droneLimitationFightTime(s) 3600
Customers 6 
Coordinate X		 Coordinate Y 		Demand		OnlyServicedBytruck		 ServiceTimeByTruck(s)		 ServiceTimeByDrone(s)
1855.6497562873446	3369.2744295714106	47.01099422769871	1	60 	30
-3392.5955271548014	-3823.6922269731103	2.012342410826337	0	60 	30
-2806.437619114899	3416.4847641842775	0.008451772236486021	1	60 	30
1902.4311702288626	3671.075380137145	0.4717074202212074	0	60 	30
-1399.3344570181894	2024.1396400461288	0.5752846817284202	0	60 	30
2475.3607828127488	2085.8110083396173	2.2327111804324877	1	60 	30
