number_truck 4
number_drone 4
droneLimitationFightTime(s) 3600
Customers 100 
Coordinate X		 Coordinate Y 		Demand		OnlyServicedBytruck		 ServiceTimeByTruck(s)		 ServiceTimeByDrone(s)
14504.963754032753	27155.000904372802	2.0851985832388094	1	60 	30
27089.414765898557	14538.293801085869	0.37836119427329507	0	60 	30
-21631.934214395915	11505.254028849056	61.581865633504016	0	60 	30
-4101.205964393676	-2079.0022459167462	1.8639390486632303	0	60 	30
-26083.07854190809	-24720.894565387913	1.6842183410488336	1	60 	30
-9211.2144183467	1346.2943300333802	1.2552187268887038	0	60 	30
-19402.043845552842	28081.69244785304	1.370456569547587	0	60 	30
-28772.102331758233	16716.906951681274	2.126015218909218	0	60 	30
-10222.870904257552	-15059.265506210028	1.917270706205241	1	60 	30
26949.904396888163	23162.93751017564	1.0720694737602496	0	60 	30
30932.85263610584	-31377.69100668203	0.7933469409792151	1	60 	30
21277.29071698926	-13020.684554695443	14.543210249767693	1	60 	30
-19895.82109125188	21748.209799726726	1.5982555910267187	1	60 	30
-6000.7127912027545	-29629.234996770694	0.0019082649562063292	1	60 	30
30955.747070622838	13424.04766387184	1.00837835811212	0	60 	30
-8682.077222328006	229.27685059519123	1.8990117404845632	0	60 	30
21216.450915417656	-17547.00960660989	2.201869924334023	0	60 	30
2055.5888668655098	8000.125811609545	2.403891162605711	1	60 	30
7636.648926993498	-19050.44034788362	1.6864817831435384	1	60 	30
-12700.371396452196	-25335.428494088617	0.7994211570910081	1	60 	30
-7461.018037069832	-21142.171699623308	56.9718270095956	0	60 	30
6752.94290234428	-19655.411885460908	2.398668077126561	0	60 	30
4193.057282941754	19729.22706874348	42.079433928957734	0	60 	30
10536.71907576012	2875.84724614901	10.476090440036991	0	60 	30
11246.174999004543	-2650.241625038027	0.9557806053280199	0	60 	30
-24361.278158904373	-30473.721452193768	1.2894184143021197	1	60 	30
4394.602856289039	-16129.936321475674	1.4100390361242345	0	60 	30
-12059.846143787403	2767.0936154856026	1.783390207952075	0	60 	30
15209.496860604599	-3775.0669302153265	0.9646970651015128	1	60 	30
15594.999438671412	-19762.262775137082	0.5785901071099095	1	60 	30
-13127.481206830336	-29438.699869261636	2.4520411205870585	0	60 	30
-27511.868593729538	-8657.454653430894	0.4897998804078707	1	60 	30
7033.514507619981	22375.891388100004	0.4604375356364543	0	60 	30
-21519.48851972631	5948.579242328126	1.8303414548818937	1	60 	30
12873.280548595272	-8196.836676256424	2.1428690576737175	0	60 	30
31131.902606372976	-16433.286476833542	1.190355836991113	0	60 	30
25760.751140388755	-6714.441482870373	1.8677880654933456	0	60 	30
-6597.280537806599	-6226.212869387606	2.1286865334809626	1	60 	30
-6599.242598402835	-28726.53781752588	0.3861126955887506	1	60 	30
-18928.803054746255	-899.2320722555681	2.8850358718666658	0	60 	30
7179.764599170935	13373.750051542851	2.3131951810756606	0	60 	30
26594.049001155512	-2314.462537102179	1.381343226544593	1	60 	30
4792.619777424133	-30228.71051143304	1.349590709963909	0	60 	30
-27807.43809749003	15980.85282797296	1.275849897346295	0	60 	30
15539.64085124471	-30592.146387259	23.183684096651213	1	60 	30
-18324.32791561385	-27108.39310168604	0.21928456697439036	1	60 	30
26190.19997868634	27687.160530977944	2.4903905086501954	1	60 	30
16644.66818607308	32172.74531496677	0.5113915773531328	0	60 	30
-22374.846403071126	-17865.189737945875	0.603597701821128	1	60 	30
-13746.848278463714	16052.361016663148	2.2419935935624755	0	60 	30
-32052.415928544764	-21444.753005897535	1.9881109112453001	1	60 	30
-21666.039510921975	9694.689958180852	2.49529600208467	1	60 	30
-18640.381996015934	8229.760024447238	0.8579958734241727	1	60 	30
-4201.823951329031	-10830.71933114584	1.858420735552795	1	60 	30
23166.79622106567	-26014.057273952556	0.8363079200061183	0	60 	30
-9846.225754246605	-9009.657273249402	0.4704980403022288	1	60 	30
12394.647683208841	-23402.81663083608	0.7146479708843884	1	60 	30
-29895.27077722842	-24445.36696262718	1.47364445156895	1	60 	30
22697.005549680063	14074.14201079578	0.8421440850605283	1	60 	30
-20715.17360421524	-30877.637405708185	0.3521546544453702	1	60 	30
-2267.4284521226405	-23778.657995339512	0.19268587951149913	1	60 	30
10768.94409435352	-9274.845543001584	1.77123551406404	1	60 	30
14492.468321286115	-3933.426442502781	2.284240439463608	1	60 	30
6471.717759042208	-5410.128549098342	1.1516107168044332	0	60 	30
-4552.888963359558	12762.825222915273	1.2490774214669935	0	60 	30
-23110.53216637822	10386.803701019573	1.3413236913202602	0	60 	30
-24817.97584061808	-8393.733150467511	2.478731879541503	0	60 	30
-29134.12276314925	-28407.18774969901	12.221961492968726	0	60 	30
-16674.646616706792	9825.668843322106	0.3925329069431943	0	60 	30
27397.925641886137	25828.641272233344	1.9043679632117994	0	60 	30
-26487.806796562065	12255.928599360439	1.5035255993674674	1	60 	30
96.98515345560071	12788.967790227383	0.6189533666455577	0	60 	30
-13270.724198312384	22708.180665202635	1.5806153820870785	1	60 	30
-2127.722727605025	30165.2287518815	0.38062999133426395	0	60 	30
-19008.09557968504	3598.45731860104	1.3307624862378222	0	60 	30
12789.54499461766	-31492.20610900552	1.1960008775322661	1	60 	30
-1500.1715488764357	-11287.019561609586	0.650053809984335	1	60 	30
25849.08026962265	31988.145520176076	1.5553501543219213	1	60 	30
5663.32499857844	-28646.04735399894	57.97803178172909	0	60 	30
30681.71922674197	29447.00184049602	0.9020225410462559	1	60 	30
-19414.454416727058	11809.546342433801	3.2927842950665314	0	60 	30
10618.651773438181	-133.9792614567239	0.08962732181921146	0	60 	30
1821.825549868235	14205.070464585815	1.9044903035345433	0	60 	30
-14941.90183476407	-11164.12572186762	23.810893176952227	1	60 	30
-20417.490285880518	-9265.305934616857	2.49004301960775	1	60 	30
-349.6687137351728	27374.98572530712	0.6270015289162054	0	60 	30
-25885.473606835305	-26351.209141794032	0.9734299582996699	1	60 	30
15289.688127181676	28697.642671231624	0.7812324102253974	0	60 	30
2130.0391812127964	-25433.160486534616	0.16754204697998626	1	60 	30
-11135.520872610336	-21638.709102709265	2.2457395696744604	0	60 	30
-13664.499394645913	20536.697612733136	57.83585013365687	0	60 	30
4192.808940382323	-27542.67697338812	0.9002951237862072	0	60 	30
4217.733522157056	-9514.27532797554	0.1333415666275234	1	60 	30
5796.978727995333	-3528.0357917795172	1.0068239008987612	0	60 	30
-21642.992252871987	21782.787678919107	0.537709261213063	0	60 	30
-8262.23981495907	-2725.1410498989694	1.6985588552186068	1	60 	30
26590.799360682442	19642.078464155282	0.23680530382329923	1	60 	30
-7146.957712707953	-20072.447765439967	50.908293767215035	1	60 	30
2747.4528442568626	-27492.70029026506	2.2290030140001176	0	60 	30
18697.67775105705	5844.993348759771	1.797518847694258	1	60 	30
