Customers 150 
Coordinate X		 Coordinate Y 		Demand 
1	 10943.570313 	 -5857.960938 	 0.24969716095614797  	 0  	 60  	 30 
2	 -6389.633789 	 6390.374023 	 2.064966574421291  	 1  	 60  	 30 
3	 -17198.492188 	 11646.699219 	 1.5567496923147783  	 1  	 60  	 30 
4	 -13303.125977 	 -13565.683594 	 45.39203272795524  	 1  	 60  	 30 
5	 12735.727539 	 -17285.710938 	 0.5548283941978158  	 1  	 60  	 30 
6	 14171.803711 	 12117.833008 	 1.6308524210920385  	 1  	 60  	 30 
7	 -9738.492188 	 -5347.345215 	 2.17471391069551  	 0  	 60  	 30 
8	 -4555.726563 	 20853.078125 	 62.44273945204209  	 1  	 60  	 30 
9	 19620.789063 	 24078.357422 	 1.8205905606478456  	 1  	 60  	 30 
10	 -5619.242188 	 -4599.921387 	 0.1378603910155607  	 0  	 60  	 30 
11	 -20585.646484 	 68.632217 	 30.485218799212678  	 1  	 60  	 30 
12	 -14078.758789 	 -10262.613281 	 1.9527759517511798  	 1  	 60  	 30 
13	 23936.607422 	 -3520.037109 	 1.0886069234406062  	 1  	 60  	 30 
14	 3989.319824 	 5073.743652 	 2.0572817479587044  	 1  	 60  	 30 
15	 -8910.649414 	 22539.695313 	 40.88012905854416  	 1  	 60  	 30 
16	 -6546.731445 	 11905.579102 	 0.9732919510877567  	 0  	 60  	 30 
17	 -9241.174805 	 3331.695313 	 0.19061210622150188  	 1  	 60  	 30 
18	 4530.586914 	 -8426.576172 	 41.86622611914631  	 1  	 60  	 30 
19	 17831.937500 	 22784.988281 	 1.2682421484154396  	 1  	 60  	 30 
20	 -20027.253906 	 -20599.255859 	 1.4754669194973147  	 1  	 60  	 30 
21	 18832.419922 	 -3479.512695 	 1.9472586161142613  	 1  	 60  	 30 
22	 -9316.472656 	 7008.369141 	 0.5202214760837603  	 0  	 60  	 30 
23	 18580.160156 	 -18250.578125 	 2.268370065082486  	 1  	 60  	 30 
24	 1126.989990 	 -1691.657837 	 1.3298584306606673  	 1  	 60  	 30 
25	 21907.345703 	 -22242.675781 	 0.20481426482767406  	 1  	 60  	 30 
26	 -3961.631836 	 23712.447266 	 42.630031337153994  	 1  	 60  	 30 
27	 -3102.471436 	 13785.431641 	 36.9988220199742  	 1  	 60  	 30 
28	 8455.822266 	 -22684.859375 	 0.3869812613096882  	 1  	 60  	 30 
29	 16782.806641 	 -18654.107422 	 2.4597503202637143  	 1  	 60  	 30 
30	 -12597.371094 	 23050.066406 	 0.1747903806691284  	 1  	 60  	 30 
31	 22061.701172 	 -16357.465820 	 60.491991176126746  	 1  	 60  	 30 
32	 -13298.334961 	 -18603.851563 	 0.23812584914967877  	 1  	 60  	 30 
33	 -19964.191406 	 7350.864746 	 1.3212198112070517  	 1  	 60  	 30 
34	 9749.270508 	 -7623.438965 	 62.66220866777012  	 1  	 60  	 30 
35	 24028.347656 	 3250.378418 	 2.057238929630167  	 1  	 60  	 30 
36	 15870.397461 	 22924.072266 	 1.2515675325058642  	 1  	 60  	 30 
37	 21777.142578 	 -22413.869141 	 30.30939448241296  	 1  	 60  	 30 
38	 -21695.507813 	 -866.257507 	 1.3443145600606203  	 1  	 60  	 30 
39	 14052.870117 	 -2212.234619 	 23.690366093403618  	 1  	 60  	 30 
40	 -7498.107422 	 -9735.807617 	 19.11515002600541  	 1  	 60  	 30 
41	 -16748.947266 	 -20035.951172 	 0.5038881831906514  	 1  	 60  	 30 
42	 10958.853516 	 -20020.886719 	 2.4116649152771203  	 1  	 60  	 30 
43	 -17373.140625 	 6704.577637 	 0.3165021488654182  	 0  	 60  	 30 
44	 -105.648712 	 -20604.263672 	 0.2683561208945806  	 0  	 60  	 30 
45	 -20895.066406 	 4582.456055 	 0.999579838418069  	 1  	 60  	 30 
46	 21576.421875 	 -6708.161133 	 1.6790185968345446  	 1  	 60  	 30 
47	 -18328.570313 	 -11448.520508 	 1.5553945808533545  	 1  	 60  	 30 
48	 -423.094360 	 -9464.517578 	 17.552642975033557  	 1  	 60  	 30 
49	 -22738.880859 	 16452.908203 	 0.7409821445364619  	 1  	 60  	 30 
50	 -1532.135620 	 -6408.406250 	 0.008868443761644862  	 0  	 60  	 30 
51	 -19394.292969 	 22801.117188 	 1.3288545251113713  	 0  	 60  	 30 
52	 -21384.789063 	 -20492.337891 	 1.6488008898217914  	 0  	 60  	 30 
53	 -14502.715820 	 2768.650146 	 1.6640096244589992  	 1  	 60  	 30 
54	 -21716.638672 	 21053.958984 	 1.9397171007265712  	 0  	 60  	 30 
55	 3232.564209 	 15477.102539 	 2.183250889949879  	 0  	 60  	 30 
56	 -2472.287842 	 -1680.917480 	 0.42618146672251583  	 1  	 60  	 30 
57	 -168.053314 	 18852.441406 	 0.1878338237799665  	 0  	 60  	 30 
58	 -19133.537109 	 9499.092773 	 1.3306844465638945  	 0  	 60  	 30 
59	 -9780.677734 	 -5104.712402 	 1.7854546051107656  	 0  	 60  	 30 
60	 18112.103516 	 14557.768555 	 0.11912045800090199  	 0  	 60  	 30 
61	 -19743.808594 	 15523.298828 	 0.5425961143010788  	 0  	 60  	 30 
62	 -22510.837891 	 9476.956055 	 2.4065060001034997  	 0  	 60  	 30 
63	 -9324.092773 	 7773.221680 	 0.5132472538773838  	 0  	 60  	 30 
64	 18124.058594 	 13117.605469 	 0.68145429787999  	 0  	 60  	 30 
65	 22792.289063 	 3104.501465 	 53.19730149534578  	 1  	 60  	 30 
66	 13168.719727 	 -18454.392578 	 2.4529213906052223  	 0  	 60  	 30 
67	 -17232.441406 	 -22190.697266 	 1.008619644061729  	 0  	 60  	 30 
68	 -17573.447266 	 18147.501953 	 1.5477396004149402  	 0  	 60  	 30 
69	 -20463.882813 	 -3149.485107 	 23.508807985572844  	 1  	 60  	 30 
70	 -23875.902344 	 4646.062988 	 2.412454103518576  	 1  	 60  	 30 
71	 23425.005859 	 -14606.483398 	 0.9439616403468742  	 1  	 60  	 30 
72	 -12129.340820 	 11084.965820 	 0.397977851408296  	 0  	 60  	 30 
73	 -770.494507 	 9333.959961 	 1.9013858465870637  	 0  	 60  	 30 
74	 4116.149414 	 6390.006836 	 1.6305811790895142  	 1  	 60  	 30 
75	 -21191.011719 	 -21294.341797 	 0.25114219627692225  	 0  	 60  	 30 
76	 19806.333984 	 10315.192383 	 1.6977307702906632  	 0  	 60  	 30 
77	 -15265.824219 	 17372.322266 	 1.9925441714154524  	 0  	 60  	 30 
78	 6845.220703 	 5004.479492 	 0.5022943353039022  	 0  	 60  	 30 
79	 18394.041016 	 2505.550049 	 1.5634802378202775  	 0  	 60  	 30 
80	 -21114.927734 	 -1365.633789 	 1.2636263605932607  	 0  	 60  	 30 
81	 19315.789063 	 -24085.302734 	 2.352196146991481  	 1  	 60  	 30 
82	 18353.296875 	 18030.025391 	 2.2690507084018883  	 0  	 60  	 30 
83	 13883.841797 	 3151.343506 	 0.12060634262688219  	 1  	 60  	 30 
84	 -1145.030151 	 12338.478516 	 0.60425540686847  	 0  	 60  	 30 
85	 -489.194733 	 -410.923676 	 1.3801511021805688  	 0  	 60  	 30 
86	 3444.978760 	 -126.201103 	 0.216115278499307  	 0  	 60  	 30 
87	 -8573.000977 	 6469.209961 	 1.886214302283298  	 0  	 60  	 30 
88	 -10956.372070 	 -18444.048828 	 2.2864587347080603  	 0  	 60  	 30 
89	 -4597.552734 	 11847.264648 	 1.0421170414327283  	 0  	 60  	 30 
90	 11310.980469 	 -22801.662109 	 1.5202930990445005  	 0  	 60  	 30 
91	 19746.613281 	 16691.716797 	 1.128704299825617  	 1  	 60  	 30 
92	 18915.683594 	 21886.980469 	 0.07700521523263892  	 1  	 60  	 30 
93	 10600.267578 	 -3707.854492 	 0.9005383609973849  	 0  	 60  	 30 
94	 -23708.722656 	 20044.498047 	 1.4980525780828178  	 0  	 60  	 30 
95	 -7154.515137 	 -1433.603516 	 1.2147160447560201  	 0  	 60  	 30 
96	 23878.591797 	 -5515.305176 	 0.10966008564393892  	 0  	 60  	 30 
97	 -13173.166016 	 5283.777344 	 0.9833247240479653  	 0  	 60  	 30 
98	 10681.371094 	 -23731.746094 	 2.004039196655887  	 1  	 60  	 30 
99	 7349.889160 	 15054.805664 	 64.47748279038868  	 1  	 60  	 30 
100	 15201.600586 	 245.018814 	 1.827643976995431  	 0  	 60  	 30 
101	 -19308.792969 	 -1755.366089 	 2.2404702565259385  	 0  	 60  	 30 
102	 6716.792480 	 7315.663574 	 0.22998012999694784  	 0  	 60  	 30 
103	 6786.396484 	 13679.962891 	 5.81418591744017  	 1  	 60  	 30 
104	 -2575.393311 	 -2402.243652 	 2.451482928578025  	 1  	 60  	 30 
105	 5707.135254 	 16606.072266 	 0.8385634176068868  	 1  	 60  	 30 
106	 20281.939453 	 18268.085938 	 1.65397904509064  	 0  	 60  	 30 
107	 20497.255859 	 9865.283203 	 0.7990092373683377  	 0  	 60  	 30 
108	 3638.592773 	 16444.984375 	 1.2222484762247474  	 1  	 60  	 30 
109	 -1782.145508 	 -4666.840332 	 0.04318745165635518  	 1  	 60  	 30 
110	 12077.333984 	 -14214.017578 	 0.8902018382817534  	 0  	 60  	 30 
111	 7450.239746 	 15482.300781 	 0.08583712392153359  	 0  	 60  	 30 
112	 -16903.449219 	 -21497.337891 	 2.1701887644834073  	 0  	 60  	 30 
113	 -20352.207031 	 7651.109375 	 0.9392116638193365  	 0  	 60  	 30 
114	 -15730.365234 	 1086.351929 	 1.6889531080419804  	 0  	 60  	 30 
115	 5005.835449 	 -21851.724609 	 33.91349734726094  	 1  	 60  	 30 
116	 -183.217316 	 17229.158203 	 1.6587501797430757  	 0  	 60  	 30 
117	 4699.484863 	 1509.483765 	 0.7389731653408255  	 0  	 60  	 30 
118	 5682.254395 	 3813.765137 	 2.337142748221763  	 1  	 60  	 30 
119	 -20860.697266 	 -3185.214111 	 1.1806150715475692  	 0  	 60  	 30 
120	 -6164.520996 	 17915.369141 	 1.9539895229408182  	 1  	 60  	 30 
121	 16196.192383 	 17528.218750 	 2.4283490327380823  	 0  	 60  	 30 
122	 4826.131348 	 3428.230225 	 0.20914379800078375  	 1  	 60  	 30 
123	 -20379.917969 	 17024.023438 	 1.6867789917771001  	 0  	 60  	 30 
124	 -1707.705811 	 -4676.816895 	 56.71767060044867  	 1  	 60  	 30 
125	 16951.925781 	 -4758.215332 	 54.918852734086755  	 1  	 60  	 30 
126	 -17446.683594 	 -8513.360352 	 47.51266173095525  	 1  	 60  	 30 
127	 -3353.933350 	 -4423.138672 	 0.484110914103571  	 0  	 60  	 30 
128	 15725.584961 	 -18833.263672 	 2.13598864173452  	 0  	 60  	 30 
129	 3446.590088 	 12545.003906 	 2.0288220591638537  	 0  	 60  	 30 
130	 -7449.291504 	 3479.675049 	 1.417267051780734  	 0  	 60  	 30 
131	 -22405.375000 	 -20609.589844 	 65.62521313505515  	 1  	 60  	 30 
132	 12239.250000 	 -23341.212891 	 0.04809298856814331  	 1  	 60  	 30 
133	 23407.712891 	 16876.583984 	 0.32449449628570937  	 0  	 60  	 30 
134	 10374.404297 	 16402.876953 	 41.86908772736058  	 1  	 60  	 30 
135	 -20249.716797 	 -22155.419922 	 1.041829440617581  	 0  	 60  	 30 
136	 5401.035156 	 -5737.703613 	 45.314021953522264  	 1  	 60  	 30 
137	 -4802.701172 	 -10395.699219 	 2.436311082433274  	 0  	 60  	 30 
138	 4845.994141 	 -4116.828125 	 0.46476328205735273  	 0  	 60  	 30 
139	 347.165405 	 -9280.891602 	 2.338714334077148  	 0  	 60  	 30 
140	 -19668.771484 	 19666.544922 	 0.6030428258949008  	 0  	 60  	 30 
141	 -10933.310547 	 -11610.476563 	 1.7351073647962754  	 0  	 60  	 30 
142	 -5450.115723 	 20440.576172 	 2.1418692081283193  	 1  	 60  	 30 
143	 -9131.711914 	 22740.392578 	 1.4833149705314175  	 0  	 60  	 30 
144	 -3916.760986 	 14688.232422 	 2.016103706808176  	 0  	 60  	 30 
145	 -19464.683594 	 -4889.230469 	 24.439786334155563  	 1  	 60  	 30 
146	 17011.347656 	 -24057.056641 	 1.4229892322899251  	 1  	 60  	 30 
147	 -16818.583984 	 12317.805664 	 1.6961521232440704  	 0  	 60  	 30 
148	 23654.152344 	 -14762.288086 	 0.5339902730534332  	 0  	 60  	 30 
149	 17357.275391 	 -20272.001953 	 0.6166759094822349  	 0  	 60  	 30 
150	 -13584.780273 	 3118.695801 	 0.35156129920769025  	 1  	 60  	 30 
