number_truck 8
number_drone 8
droneLimitationFightTime(s) 3600
Customers 200 
Coordinate X		 Coordinate Y 		Demand		OnlyServicedBytruck		 ServiceTimeByTruck(s)		 ServiceTimeByDrone(s)
14291.596239617518	-19635.53807855259	1.9461021685253725	0	60 	30
7635.217564367702	7924.216175453003	1.2180678959227764	0	60 	30
11614.450535770355	1580.082927694711	2.4774654024971587	1	60 	30
25243.516806477037	-9798.494521386388	1.4234741256894963	1	60 	30
9314.433736896512	18359.249443907425	0.30338008825519514	1	60 	30
-5584.884271811555	-13729.229677731499	1.8286557088944988	1	60 	30
-898.852440472169	-22393.951967880213	1.0532884141956997	1	60 	30
-3219.875902107097	-14923.266199362492	2.393388699490954	0	60 	30
-14138.357311188955	27391.9139660927	41.51394358845899	0	60 	30
-12548.491551806364	-29029.084171512608	47.29637162240766	1	60 	30
-31058.070432564244	6871.049944789677	0.2821952590385382	1	60 	30
12775.262444491336	27238.560254539952	1.7766563482973226	0	60 	30
-27532.867721362833	-24610.351358700016	2.022055600486227	0	60 	30
17576.07407408152	26512.151062678135	0.9319869522457866	1	60 	30
-17877.5617364859	6738.63358452975	0.7156487344305995	0	60 	30
8599.996280825288	-25486.64561195291	1.5157873004695457	0	60 	30
-16220.71902207278	1169.6900889426036	2.1629725175096395	1	60 	30
5100.158750185842	29698.40758429187	53.867396706501935	1	60 	30
-6424.185391578403	26392.766820635825	0.218139558740289	0	60 	30
-3909.8860069848924	9960.439934362126	1.1318416768773445	0	60 	30
-14845.822671302454	-23224.846375931764	0.07089689959607931	1	60 	30
11135.283154097095	16101.034394697415	0.8655030909371673	0	60 	30
22093.038858720578	-4620.179629796377	2.308327238346935	0	60 	30
-22969.852356376603	19824.875733084264	0.7750430079757153	1	60 	30
18434.74271702913	29633.69444093295	2.1414975164740344	0	60 	30
14408.647989248871	13782.83435314306	0.02517176287761047	1	60 	30
-17477.50538826603	-2549.5416026944768	1.3068213275851817	1	60 	30
-22410.37243490764	19826.99879242229	1.3945322415672532	0	60 	30
6112.500166439606	-3234.4649138661744	22.85475408469304	0	60 	30
18245.60993377811	-24154.121007270263	1.0746294000446528	0	60 	30
-15069.247460602553	7534.452092800519	0.5406034727418219	0	60 	30
-21596.53685871439	-11742.196071376247	0.7772623716354545	1	60 	30
-25829.75022523215	31935.598885797717	0.8371744998220134	0	60 	30
4915.945791669004	-27262.481476838377	1.8477238859640146	1	60 	30
-25816.224750027537	25267.90122237929	2.3540900352140883	0	60 	30
29978.320376080024	-25074.04116800757	1.7060337441283604	1	60 	30
17681.158804023915	16107.510765691777	1.0234781684792362	0	60 	30
27025.797507733052	-31609.92607363605	1.0634707941891184	0	60 	30
29610.615124048043	-6477.840529632928	1.1768354987203855	0	60 	30
6248.078935355677	3153.227221046595	0.9866700210660834	0	60 	30
-23022.601586248475	-7905.831322510395	1.442819141477866	0	60 	30
17525.90456974823	-15133.76247582829	55.07160013210791	0	60 	30
5087.544789328639	-15262.344574288085	0.8978758968789389	1	60 	30
-5928.385390770267	-9873.513535978074	0.5943344863225462	1	60 	30
15302.877925087278	-18125.983337503432	1.1044756075734123	1	60 	30
-5739.445603297015	-20414.30421699502	1.4519406440373643	0	60 	30
22325.95481424826	-20861.85784005059	0.29671384440274645	0	60 	30
-989.1493039930434	-24711.77054846	2.1889874940188445	0	60 	30
5802.8722989194675	-8754.977089812593	1.598049476845196	1	60 	30
-16867.199070676103	-17690.07571652909	4.6930022479874935	0	60 	30
-17288.11979660458	-24876.399471134562	0.28094321613342216	1	60 	30
29556.104398811905	-19158.90098186611	1.2499840350734035	0	60 	30
13119.038655669036	-23491.810138234825	0.7031619616555154	1	60 	30
13941.627106290049	9081.970682414916	0.6578896766222125	1	60 	30
-3276.938214285353	13412.360514453816	1.680515317932627	1	60 	30
12621.777347718828	-12830.361874135251	2.0798122228463383	0	60 	30
-29436.107276123483	-1511.2287729799536	2.1807895411925426	1	60 	30
27956.63923558688	-21570.628241613744	0.1596124614312272	0	60 	30
25018.911608299943	18371.810679228507	2.3486447799182013	0	60 	30
23115.579216075745	-9007.624669592546	2.4269724184812516	0	60 	30
1284.3389825106221	16718.228720159717	0.49624070075242804	1	60 	30
-13087.771870721916	-16114.104428178716	2.2042350339874366	1	60 	30
-13508.308695522908	3714.635109149315	2.3193569415578863	1	60 	30
22909.3031362764	-14690.145357578807	1.4779965302831777	0	60 	30
-621.579267917025	-298.59772047326214	1.7237732408696427	1	60 	30
22486.782133417062	-10587.421332115011	26.93715948118568	0	60 	30
-20776.75594008404	31009.888061339858	0.7716753688896769	1	60 	30
-21743.110586492407	22083.01122307071	2.4686087723578263	0	60 	30
-16251.33887412764	-2786.7723197623172	1.882852174922017	0	60 	30
14716.252676838893	9885.107434786438	0.15108893136398766	0	60 	30
2796.528042106083	17569.511304200078	1.050449932277189	0	60 	30
1604.111446506514	3586.193249200758	1.1640262247579434	1	60 	30
-30596.34929945777	13690.587630709275	1.4560483828485336	1	60 	30
-16622.113081126823	-28024.46357676002	1.4640836114788838	0	60 	30
-13366.010816674994	5261.0405291171555	2.493825910361332	1	60 	30
-29387.06990958719	7106.854408880013	40.71009356150891	1	60 	30
32132.379152161368	-27598.76877864994	2.338577629824395	0	60 	30
-27317.92996179399	-4273.413015574691	6.50566059441626	1	60 	30
27802.09350848237	21200.728843227564	0.3173533937766726	1	60 	30
8436.338715705391	16451.10503676736	50.797076739950015	1	60 	30
19374.356633468367	-4302.09506134848	0.9694805645662683	0	60 	30
-23550.77962387465	-29722.269456956517	0.04704966968465091	0	60 	30
-30763.697346568184	13130.293578314813	62.88412130249716	0	60 	30
-9408.44904622881	-6325.358590321478	1.4959319881722393	1	60 	30
-30547.462766067507	3564.428194469667	1.3944430080889927	1	60 	30
332.38750620931165	900.1635556778054	1.1405210086993924	1	60 	30
24291.087968914882	20411.68018075841	1.0552286137262898	1	60 	30
-22542.552228247245	1357.13176348749	2.2350073895780547	1	60 	30
-16119.239385747711	14489.547135412438	2.010257035827954	0	60 	30
-28596.36533067702	21436.048063494472	1.201840848993867	0	60 	30
-30774.742736708864	-30910.873460112864	0.537654711563233	0	60 	30
-4760.82796975335	21364.389103422334	0.09774351521447178	1	60 	30
-28824.878420886806	22127.77104893004	2.240922759994854	0	60 	30
-22092.60737586706	20551.617359660875	0.12845987024785122	0	60 	30
25749.93739728839	24438.046315871135	0.7010925135726076	0	60 	30
-29928.151059132208	17275.280735695746	0.2845092304921201	1	60 	30
2467.518619507495	-5075.855828220161	0.39539060727591946	1	60 	30
-29864.960218582157	12758.365188496904	0.7952053761269142	0	60 	30
-10356.941034142517	-11782.627293981725	1.392180421106989	1	60 	30
-23802.14023787275	15165.215000092234	1.72321025998973	0	60 	30
23633.079170626414	30889.842972925428	40.67193471904764	1	60 	30
-15412.259531396905	-20489.488429730787	0.14688664983122962	0	60 	30
-14947.262208709053	25893.84600682818	1.8290718154499892	0	60 	30
-6454.353808605069	-22561.945683672126	0.0027150514444806984	0	60 	30
-13901.541101023486	-8395.892120433495	1.0542235681721075	0	60 	30
22381.78372262901	5686.882709399916	1.7850415733279477	1	60 	30
-20142.760537309925	-12046.55934479318	1.8820288695654708	1	60 	30
-20617.93680104323	16883.403512879057	66.04603556927032	1	60 	30
-22098.370784006536	-521.6385631532926	1.8638904042554174	1	60 	30
325.8602130429638	-93.51069731338781	1.298823113283265	1	60 	30
25481.201645939636	-3189.042160192926	1.410656994887582	1	60 	30
28730.100639669272	17539.756795633584	39.93882493816828	1	60 	30
947.4159431487852	28004.09995144849	1.194931650746596	1	60 	30
-21.558388087303534	-3528.915313600542	0.5900270706780525	0	60 	30
30253.558480787146	14049.345409599178	1.4077800535367722	0	60 	30
12001.281939902594	-17974.40849006381	0.12705793059082093	1	60 	30
6009.563325822658	-30979.592268109172	1.0046056147873266	0	60 	30
10013.25521623219	-23232.33477963528	66.48720894475764	0	60 	30
-273.32012930148034	29519.57184164196	0.6999560565650196	0	60 	30
9504.77909191181	-21202.405213006332	1.2194974006045112	1	60 	30
24544.88454657011	16066.69248666419	1.5960278548477345	0	60 	30
30938.632528074013	14802.910510925272	1.5842475806867904	1	60 	30
3658.5043707436284	3255.3340766711485	1.9546335158683292	0	60 	30
30049.932397446984	-20982.045894056926	0.5212735881090702	0	60 	30
-21109.926393941052	-20215.195721687876	0.24739785714421453	1	60 	30
-5006.266097641209	6571.323952400088	0.9972850514883591	0	60 	30
30592.030661113928	-21367.977564261062	0.7439484311400552	1	60 	30
11435.414192741617	1460.1464957422397	1.3608500603815588	0	60 	30
-24486.823826430023	13760.279328205892	1.0228663564113096	1	60 	30
-15975.103255191147	-18949.65168879819	2.2168258312085842	0	60 	30
19714.12837413273	12714.264056770347	1.4151620795031048	1	60 	30
6264.415260133044	18276.268774992044	1.0975719183064956	0	60 	30
19152.692356850665	14917.94656214124	2.0150432824011824	1	60 	30
5043.83032920052	-4970.809738352726	0.8782130591828288	1	60 	30
-26567.000022933342	20352.689167633398	1.017738955895229	1	60 	30
5908.894405936747	-24318.41452766286	1.0082166661869745	1	60 	30
16890.037338167986	-16259.666748834401	1.26914642524294	0	60 	30
-607.8488570500028	30200.77708669479	1.256550433166523	1	60 	30
-10260.098135689619	14833.11300139479	3.4711301870544826	0	60 	30
14173.60976570881	26116.93874404233	0.7926859075177306	1	60 	30
-24405.23360011628	24646.82476003343	0.13879031674762426	0	60 	30
-11048.372126151522	-10922.504384332062	1.0507139618583194	0	60 	30
-10953.029105970809	4779.90342582081	1.1848118274448578	1	60 	30
16604.243683324545	-25904.259231633787	1.4488371402885467	1	60 	30
-25686.924102258494	18720.43586106099	0.32341638936659645	1	60 	30
5344.434454961824	15038.871960100085	0.1615047575893916	0	60 	30
4546.905337956	30116.722296576037	2.4959269063756655	0	60 	30
6374.032195176618	27882.740463160197	0.2664568997902536	0	60 	30
8160.270542163779	30949.248481659168	24.43891589460017	1	60 	30
27431.59275067941	9970.393486565476	2.213941881976943	1	60 	30
-26072.53352057268	-16971.0265160889	0.982284302984928	1	60 	30
-29811.747115591817	-7627.74827897881	1.690373926445263	0	60 	30
-6600.9343319832715	3572.9038949970354	1.1605775714334456	1	60 	30
23670.22234168378	-8975.653208587864	0.07369600822644207	1	60 	30
30234.089013230223	18599.944623048355	0.5929612606578155	0	60 	30
-4859.0274559533555	25293.206519351035	0.3027134203703713	0	60 	30
30264.404301459905	-9177.524411119239	1.8209661047252355	1	60 	30
2768.9885842634935	31214.35695323751	1.6076641049735443	0	60 	30
-27781.504213455853	-22036.470217406215	0.7311608578910531	1	60 	30
13720.85704714755	27734.944751750776	2.174291358217002	0	60 	30
-9884.74776288564	1634.2090479323301	1.1583878991677947	1	60 	30
-23918.923190697125	9151.785664997358	1.9386839681992627	0	60 	30
6320.545178668829	-19505.4978362089	1.5777748409987977	1	60 	30
-8361.958974160894	18635.97550490887	0.8351500830082326	1	60 	30
4070.4877681961757	-2485.9273784540424	55.43151868336161	1	60 	30
-7330.890552285285	-27404.005519167593	0.9443901472138574	0	60 	30
24398.494332772294	28515.35045141413	2.471586868341915	0	60 	30
11295.090164939025	-19547.62000283764	1.6142341425177744	0	60 	30
18476.739019406323	13366.248590437757	58.54091530280313	0	60 	30
21733.845602694008	-10722.33881293438	2.250209904978486	1	60 	30
24344.964474743512	8555.54327701377	2.0961162964658233	0	60 	30
25593.91577464115	-19322.19034459223	0.5982066555876795	1	60 	30
-5634.7279041892125	-17143.861659176197	53.34113770965914	0	60 	30
-27911.42028856057	32172.118410185903	2.466500348978154	0	60 	30
32057.718247089968	-7397.418685102344	1.7231027130378656	0	60 	30
22376.85814079931	22038.160098222343	1.9594065602873478	1	60 	30
10599.708752964543	8606.086633828381	1.035296032048848	1	60 	30
9613.637857477102	-4216.639303097157	52.79943160255572	0	60 	30
7568.469681621463	-29700.94649062996	0.2626311234519557	1	60 	30
-12048.75784571917	-24583.416720814323	2.4029465762757796	1	60 	30
-18967.3612799991	15056.819023276785	2.140276699478916	0	60 	30
-18223.580112841533	4373.090809337273	18.96342788350546	1	60 	30
25011.621390959957	9879.008608654538	2.369897623462434	1	60 	30
23753.0569216985	13938.270596073377	1.482951229441261	0	60 	30
-16535.589007716746	-25090.861487162332	1.1827292912162313	1	60 	30
-23009.58657870219	14341.574636402125	22.71388111402066	0	60 	30
-13865.287519651984	-21202.147251435326	0.8586156509793887	1	60 	30
4599.065736724688	-28942.089532604572	1.5379362240436452	1	60 	30
9489.551287947404	-31152.359986350522	2.3357755062714163	1	60 	30
-8960.244410528536	30422.326687125165	52.37231475970179	0	60 	30
-6108.639607010161	14970.358505882194	2.1710633571925415	0	60 	30
-30558.095986121807	-27707.971758387364	0.9953279888927752	1	60 	30
4276.550800056097	-18014.199795678585	1.7354903372117758	0	60 	30
20231.406659456617	2271.159403943143	0.1613589362177234	1	60 	30
2080.864842496828	-21661.629446835374	1.1547708490514372	0	60 	30
-10660.188868370169	-9045.99558932727	2.2951238259714453	1	60 	30
-29027.120805843326	-15790.580419924994	1.1296599537964962	0	60 	30
-30275.762855205503	13000.278405838164	0.21671225838183317	1	60 	30
-3677.2124026467004	-25084.594483127225	1.395848513821297	0	60 	30
-4555.745780924875	-30577.37812906893	0.6826929781525617	0	60 	30
