number_truck 8
number_drone 8
droneLimitationFightTime(s) 3600
Customers 200 
Coordinate X		 Coordinate Y 		Demand		OnlyServicedBytruck		 ServiceTimeByTruck(s)		 ServiceTimeByDrone(s)
10900.347279232848	-20562.037743874494	2.3066981339798573	1	60 	30
-20772.055579026415	-6694.163171962417	27.14274995124414	1	60 	30
15638.067209885096	9634.86981124673	2.0222719113184375	0	60 	30
9608.450789335131	-21654.846868456218	1.7883261943754265	0	60 	30
-8796.28648670684	-2028.9251306950152	2.1410883339298925	0	60 	30
16211.779182571177	20805.87503666941	1.3804300079603526	1	60 	30
3146.2460736584844	-3835.0471697153084	23.59647656018066	0	60 	30
16282.24933586634	-16877.3839209959	1.3466404312838574	1	60 	30
17522.284428198727	-15596.933457857622	8.221485572700708	1	60 	30
-4491.573660679375	-6045.282237467435	1.5939997670943855	0	60 	30
8604.527202055318	-15665.968041312157	0.0516106556042939	1	60 	30
22039.154943650406	-9931.221624617147	0.9573683385679688	1	60 	30
-18062.462121005516	-6392.683691654446	0.5950393684980146	1	60 	30
-1670.5805264325804	19063.514408942145	0.6870327717080069	1	60 	30
12507.649201598062	-17961.605564779184	1.9938823794353593	0	60 	30
-22616.72855519589	4083.1749359476876	66.00282176530547	0	60 	30
23621.265868826453	8430.502822977416	1.5314506640474834	0	60 	30
2537.9940667016795	1191.197540898997	0.43677001322755177	0	60 	30
9762.318184366219	-1930.2046915115513	1.5470685591498712	0	60 	30
-13025.953050402342	12652.730115279339	29.348967307466157	1	60 	30
18640.419489033018	-11730.926263531313	1.2018044498903924	1	60 	30
16364.412789003913	-23585.01756538078	0.1058525558632617	0	60 	30
-7803.508818148842	19874.513029856167	0.9299003122023239	1	60 	30
21737.46308651366	-15219.403493796672	19.43149058779449	1	60 	30
12925.554134140191	23447.5157257333	1.5387918375788723	1	60 	30
2592.2543917714866	-23426.13226618804	60.231852082195026	1	60 	30
17256.582171871665	12623.627178077684	0.5456090138538185	1	60 	30
12882.131765728614	-6178.091449567465	0.4845872505732149	0	60 	30
-18987.84896511978	-8105.585249389497	1.4630481253203116	1	60 	30
3598.3649784575564	-18291.197535667667	0.44399017346104713	1	60 	30
790.1781284755796	12015.028172092454	2.372505697798228	0	60 	30
13998.156515644134	5563.413478935611	2.0725752405747095	1	60 	30
-3137.990286512475	-2455.2001548590592	0.7473649235737503	0	60 	30
8583.460791851861	-15660.303686118934	1.1523168302243445	1	60 	30
-17740.77022885892	-3014.95663993222	2.114325706494469	0	60 	30
20856.097026243668	-16668.706533147757	0.3774264394155996	1	60 	30
20139.44035418212	21358.350659273903	0.7656678004359321	0	60 	30
21656.386185945645	-3401.8594133237107	1.867229209007515	0	60 	30
17478.120250725195	992.7579743420351	1.3603393176364897	0	60 	30
4129.663301528807	-3694.8927235673027	8.295074573930282	1	60 	30
-1993.1143429353858	16101.647815975764	0.8767595399492595	1	60 	30
16949.984552704107	-23924.316929454737	0.891450456122102	0	60 	30
12698.688534711904	3213.9495848811866	1.0052278438467779	0	60 	30
-13938.934894980106	17215.761675658494	1.7733519718623902	0	60 	30
16898.220448900283	-13768.58434803646	1.6928289947052135	1	60 	30
-1970.0054944173714	-15790.256348952145	1.539195897843474	1	60 	30
6985.561376580739	10027.397418636407	59.58260087456008	1	60 	30
-7912.1374747384125	12931.525942051614	1.3657705165949592	0	60 	30
-2673.628431192869	-19541.718701055812	1.482725849392906	1	60 	30
-7384.137529004556	21983.478801990135	2.330951889379833	0	60 	30
9695.891495400232	12971.453810609042	0.9350254616182916	0	60 	30
-1867.8611153982679	14109.98822840361	1.37979766858328	1	60 	30
18032.43824444515	21131.206148478977	1.9600004571024483	0	60 	30
6753.630608587617	1602.6439452383868	1.8855194991087851	1	60 	30
-3432.5178187566394	-7847.981709541505	14.34123545765177	1	60 	30
-5747.21012393539	-5065.135633679862	0.4557258615266255	0	60 	30
-9952.134307099519	-5417.246342646358	2.205709921849581	1	60 	30
10861.382578325227	23130.569003520282	2.2593244623182325	1	60 	30
-8005.171961231782	-10757.943321451268	1.9899142584106075	0	60 	30
-4320.204381188905	21600.6634956555	0.27447656412861204	0	60 	30
8378.439931503577	9378.55673090191	1.9759893283609287	1	60 	30
-18212.598960775318	14615.010383660774	1.98299234274386	0	60 	30
20231.63582584448	-15469.072865865224	0.8605760442682	1	60 	30
-22909.65307248603	17760.92181516565	0.1615586019982207	0	60 	30
5321.004302417023	-8677.191502956193	0.6443887710456766	0	60 	30
-23259.122041129594	15135.362627700571	0.04518959108191417	1	60 	30
-2059.7093611473724	-11593.78447041521	1.1553611467992124	1	60 	30
-4331.451974575346	-8154.411013426495	0.7632913800109542	1	60 	30
-15158.634159648704	-12230.436550230095	0.528976238033031	0	60 	30
21833.74960436261	14463.012825225644	2.0737300348159935	0	60 	30
-21528.989173777085	-14834.315892481669	0.4836709215253343	1	60 	30
-3994.6315646747516	-22097.398203699395	0.5452948491488361	0	60 	30
-6892.194487651279	-1628.0223332567668	24.88018539265668	1	60 	30
-15785.24788630468	1119.1818879075602	2.463947078754616	1	60 	30
-474.29678738268126	-5298.903341691484	27.937293599114433	1	60 	30
-3096.5400526339827	3785.742700969241	1.3632441875360328	1	60 	30
-5838.706735334506	-15946.161323085613	1.0975505971280408	0	60 	30
-16980.59465427134	1568.796499016037	1.2043315231473128	0	60 	30
-7130.41510694731	-13487.837983469826	0.266148165322512	0	60 	30
8302.533412161334	14268.288508302165	1.8558905181481604	0	60 	30
12824.824783423404	-18217.121281148706	2.4709046773703545	1	60 	30
11427.10666321815	-10150.406463514359	45.71520039982741	1	60 	30
21632.311812562388	8152.98616401079	36.81839236866944	0	60 	30
-7852.629317169249	14624.213869733225	2.410347048522371	1	60 	30
-10371.81046274481	11323.811893619451	1.2867457137986897	0	60 	30
973.4942891846866	-18541.45403755279	0.4900394702791744	0	60 	30
293.02887976935375	21167.684090693085	2.1110247396275463	1	60 	30
-12100.728653731325	-23986.090055554625	0.4496411726353175	1	60 	30
-467.5023440118135	-8767.482413891765	0.4590670202956315	1	60 	30
14296.015704431016	-2326.488166313384	33.16947657260981	0	60 	30
-16343.468817405446	-261.1718241385145	1.7842716781014119	1	60 	30
-7691.7918715363385	9617.780033418114	2.2925318085173836	1	60 	30
-10451.141189245564	-22086.532219092394	12.693733732453865	1	60 	30
11089.002740667498	21010.93772835923	55.002182992279614	0	60 	30
-13206.340456451406	-21773.355183744996	1.5967115223940487	0	60 	30
3828.4314777030386	12892.430384902242	0.33559262352898606	0	60 	30
-23282.54654475634	-20604.577195070586	0.4856451105648546	0	60 	30
-16106.452601812573	14240.054502139214	0.2331096114865186	1	60 	30
-12269.744909080106	23458.810452275316	2.274519589668814	1	60 	30
14416.052030334578	19097.609336710106	1.8075605698789499	0	60 	30
6382.36901817362	-4390.275510316343	0.07056136223073217	1	60 	30
5059.128675748595	-21186.55469767398	0.7909236972347564	0	60 	30
-7816.133988752534	11070.046632573649	1.3192987681656292	0	60 	30
21129.112973846346	18945.75457972417	0.345950643081078	0	60 	30
-8537.021615156278	19629.426393493228	2.4184980447527047	0	60 	30
15895.877247273134	-19706.518980524736	1.006106431442182	1	60 	30
-8632.913157205196	2516.777929777833	1.5842053118863473	0	60 	30
-14890.353232600824	2719.0786861613897	1.6459355408708656	1	60 	30
-12054.435231228334	24009.41424903536	0.6817841675788052	1	60 	30
9801.792589619226	20073.832169464396	0.007244419822738657	0	60 	30
-18161.341416497617	-8381.28031390939	64.32783182735577	1	60 	30
3489.492407050361	5592.785636787231	53.10507652853056	1	60 	30
13409.250311278991	4648.004909687238	1.9499270975016754	0	60 	30
5860.9172377382665	18937.815407411123	1.5737749852478258	0	60 	30
23262.161339941187	10373.929329460912	1.7199099280947001	1	60 	30
-5844.771440644623	-12816.730070517518	15.568805713012477	1	60 	30
12090.253229458158	9749.53911836241	0.6939024624828203	0	60 	30
-18106.41578966327	-15125.944247406198	1.6842806645618122	1	60 	30
20250.21915755096	-9456.66111356758	1.3766421869165328	0	60 	30
-20320.584990697294	3984.360211864264	0.08197180567410922	1	60 	30
-9375.395624508417	-15093.147944281418	0.34521033895103054	0	60 	30
-15779.81843707651	3047.0620063589163	2.0120483730270506	1	60 	30
-23360.816852657896	-15491.23886237522	0.29598179919960693	0	60 	30
-19328.404267910755	22907.27125072246	1.290895353557695	1	60 	30
10647.2737832178	-10472.708044606474	1.75969617657949	1	60 	30
3755.709391929026	23782.56075876182	0.6178952666815979	0	60 	30
22129.648232747928	-2940.593821600423	0.8225412087069641	0	60 	30
-22787.903245875616	-20571.727488250817	2.371538923148082	1	60 	30
14107.521662079442	-12022.976307059314	2.316138230054469	0	60 	30
-19462.46387549146	3791.2621493289225	1.0902591233148242	0	60 	30
-5968.63324592508	-16669.39542805007	1.064321332440725	0	60 	30
10789.09484638215	7923.594428710495	0.5383774153268586	1	60 	30
-11756.152852039764	12068.876844628798	52.26952166628944	1	60 	30
9106.822942820016	-9751.657941745349	1.382555421355729	0	60 	30
-1618.0064651951218	-11245.452042216051	2.2871966364676	0	60 	30
16356.242445847698	-714.032314253006	1.1291409827690526	0	60 	30
11555.496609493206	-5170.8855966558285	2.0195486684174653	1	60 	30
-3601.3303477153668	-21252.48178998163	1.09779927265527	1	60 	30
-4913.289316773628	20640.36344696005	0.0691665790376031	1	60 	30
-11985.149396359786	6652.875153086856	0.831820337293187	1	60 	30
11789.401797496801	23888.081072446406	1.8127386959787803	1	60 	30
3289.134439784838	3792.7634268688425	0.9704931591117316	1	60 	30
-23810.87902181326	13485.889789313149	0.46437209851789757	0	60 	30
19657.586002931628	-21583.555969783978	1.2339370508037315	0	60 	30
-15712.488925013267	-23532.165769093943	2.1808618199304224	1	60 	30
-9629.358593379086	3164.608478131723	0.7957806780300956	0	60 	30
-11071.535412662408	8721.972938776067	2.426878058837913	1	60 	30
3312.237370347749	1382.8099230280304	1.4440800232923998	0	60 	30
18910.20559840523	8516.542390156881	1.8129619530807335	1	60 	30
5982.677099494681	11384.732151444214	2.055865234507683	0	60 	30
-20557.018508230507	-6334.400062353001	0.2442212240373337	1	60 	30
23212.446029224902	16054.072495237024	1.035707279707969	0	60 	30
14834.977068500619	-9083.009361173075	1.3426158537847186	1	60 	30
19872.467621923442	-17785.832749411067	1.493695077829928	1	60 	30
12343.117243140166	3185.8599685939716	2.2307239668079375	0	60 	30
21325.942968617637	-6220.583277005838	2.0632134868501057	1	60 	30
-23583.685970411487	-7036.876492875328	1.8898798109132067	1	60 	30
5989.658268785458	-11469.876832118187	1.8839133221453208	0	60 	30
21248.958024356034	-22860.6126772304	1.930573208115085	1	60 	30
13768.788615296264	20551.69277397631	1.4002631344078482	0	60 	30
-3079.150261536567	2592.6241717308044	1.7380015319619906	0	60 	30
8873.231727116568	2956.1029442934537	1.2510742366446812	0	60 	30
-16522.173834984013	-22920.721270008908	0.5806654633420882	1	60 	30
13200.000560361146	21907.73012287205	2.1503891752517656	1	60 	30
2558.27714282621	17963.04820261362	2.394897811720939	0	60 	30
-23630.79134408098	7590.314026393278	1.7851243710079878	0	60 	30
11938.661363244271	13892.520374672422	2.0832174175374534	0	60 	30
19298.981111115452	22118.271010772805	0.37985747888239135	1	60 	30
5152.97190425735	3428.150053185993	0.28939781386502106	1	60 	30
10463.476184848192	22449.617827624075	2.204150173872954	1	60 	30
2130.807398315448	-6690.705690148341	1.738141750368234	1	60 	30
4905.257114151739	-3798.69336996398	0.9227968931439456	0	60 	30
18550.730300348147	23736.486250684495	0.3522519840936897	0	60 	30
-1797.1532943272287	-19791.43420792896	2.314390483824066	1	60 	30
17115.028146832647	-3454.398248701367	2.4851890862227064	0	60 	30
18521.337445398403	14823.44416397873	1.0085947465652967	1	60 	30
863.0274017357872	1228.6156464869862	0.2319066879508888	0	60 	30
-1306.5341226408352	2457.1850540536825	1.0175152153801401	0	60 	30
-13812.67882406328	2893.2756976582173	2.4058551940191553	0	60 	30
-7204.037948052849	-17975.32488682248	0.46155821973653893	0	60 	30
-8470.097785464954	-10781.192985974418	1.39504414491729	0	60 	30
10187.469629182962	-8829.680191280244	1.5151693272842772	1	60 	30
-3315.9993599312425	-4276.366691594752	61.058417122540014	0	60 	30
7332.708660840447	3793.413037733231	2.2228411945657074	0	60 	30
-15461.552585728936	20095.037375861888	0.8618884969650855	0	60 	30
10443.780305405	7938.289472790369	2.460782315240083	0	60 	30
-3949.77648977399	-6758.2795144335905	1.6325565683759349	1	60 	30
16077.393917371139	11502.68395294807	1.9446365255362774	0	60 	30
-3540.076113089871	-13199.718149164668	2.326276987120501	1	60 	30
4821.307491377531	16689.41823971011	1.308643992778664	1	60 	30
-9520.853454363023	-20149.00882277612	0.46419431862737115	1	60 	30
-19249.48996795636	16196.603407355373	0.406634720167372	0	60 	30
15483.438422525904	16358.183583000591	13.255024635103812	0	60 	30
9684.06093100589	-20348.99569732027	1.1102450142609284	1	60 	30
-8223.24563242826	3670.186798547125	37.682147251161446	0	60 	30
-58.026301251110446	3980.553264370901	0.004747110152180378	0	60 	30
427.29484925765075	7734.259507235009	1.8048892884938093	0	60 	30
-4741.657629822325	-7273.358089040523	2.00788353699905	1	60 	30
-22005.86733577198	-18460.63610028901	2.1790926676425397	1	60 	30
23485.472679899205	-20541.554833703234	1.5620956179636019	0	60 	30
