number_truck 1
number_drone 1
droneLimitationFightTime(s) 3600
Customers 6 
Coordinate X		 Coordinate Y 		Demand		OnlyServicedBytruck		 ServiceTimeByTruck(s)		 ServiceTimeByDrone(s)
3709.857593887671	-6626.338579380239	1.1545930365588424	1	60 	30
-827.2287066706242	3181.8717329433784	1.8999020695344915	0	60 	30
-4518.321762941932	6765.907671652272	17.04110493919334	1	60 	30
6177.926560357989	-974.2069420866538	2.4868300059799293	0	60 	30
6139.66021001982	-3489.879532986526	1.4839106980533698	0	60 	30
190.68770975664995	-6804.18550667268	1.7076689689216418	1	60 	30
