number_truck 1
number_drone 1
droneLimitationFightTime(s) 3600
Customers 6 
Coordinate X		 Coordinate Y 		Demand		OnlyServicedBytruck		 ServiceTimeByTruck(s)		 ServiceTimeByDrone(s)
7408.182236388637	8575.743333055036	1.4773934332189067	0	60 	30
13822.362327014354	-3562.8470389964473	1.4501405926084026	1	60 	30
-280.2166828247193	12995.319530330486	0.241212900364767	0	60 	30
-846.511681216253	-4105.514543817091	0.5473202745090113	1	60 	30
-12774.686587510792	-2911.2714890908783	0.11841465159445841	0	60 	30
-5512.016386681248	-4854.19215940445	2.107499973866645	0	60 	30
