number_truck 1
number_drone 1
droneLimitationFightTime(s) 3600
Customers 6 
Coordinate X		 Coordinate Y 		Demand		OnlyServicedBytruck		 ServiceTimeByTruck(s)		 ServiceTimeByDrone(s)
7413.948951892933	-2338.467392474608	0.065993216262423	1	60 	30
-10009.487543163446	-14692.991786554849	1.6750213496978985	0	60 	30
-4658.430104354295	13263.566957195624	1.6481084714651963	0	60 	30
-10338.769520061081	-3026.9642139951998	1.5170751402444702	1	60 	30
15845.757395886307	-4945.515277531963	0.8011626561974627	0	60 	30
13528.119036794142	6862.158893246983	0.6575844713941434	0	60 	30
