number_truck 1
number_drone 1
droneLimitationFightTime(s) 3600
Customers 6 
Coordinate X		 Coordinate Y 		Demand		OnlyServicedBytruck		 ServiceTimeByTruck(s)		 ServiceTimeByDrone(s)
7416.832309645082	-7795.572515428489	0.6102931264106328	1	60 	30
10261.467761558595	-4164.624160334044	1.7874616909897436	1	60 	30
-6847.537054930021	13397.690670628197	1.1015562011360567	1	60 	30
-15084.897959861612	13605.750711104805	54.951156927526604	0	60 	30
-2030.900852226081	10130.802348625604	2.392536677125416	0	60 	30
-9138.69277184628	-3373.10606004919	1.1826266829049894	0	60 	30
