number_truck 1
number_drone 1
droneLimitationFightTime(s) 3600
Customers 6 
Coordinate X		 Coordinate Y 		Demand		OnlyServicedBytruck		 ServiceTimeByTruck(s)		 ServiceTimeByDrone(s)
7399.5321631321885	-7239.821777705213	2.344493702774278	0	60 	30
-14803.622627908006	-2961.069438036963	1.1128195314799647	0	60 	30
6287.104168902469	12592.947910410892	1.8808695995934774	0	60 	30
13391.87411780721	10370.099242017239	1.592687994532274	0	60 	30
8668.408636448276	-15953.345326807357	0.34429266331640396	0	60 	30
-1885.340481138106	-6335.2772995159385	0.5323732275753973	1	60 	30
