number_truck 1
number_drone 1
droneLimitationFightTime(s) 3600
Customers 6 
Coordinate X		 Coordinate Y 		Demand		OnlyServicedBytruck		 ServiceTimeByTruck(s)		 ServiceTimeByDrone(s)
1857.812154695985	-723.5545325494711	0.8317926398987779	0	60 	30
3763.900831481261	-3974.1367471184535	64.0611829652151	0	60 	30
3598.452287858775	3517.077669164177	0.8687950730077756	0	60 	30
-1657.1653994324772	52.171933678562574	1.9263397001979443	0	60 	30
1286.6118568975166	-2762.0616607138068	0.3494067072593779	0	60 	30
1568.6918064269637	2456.0824132729617	1.3078378894708327	0	60 	30
