number_truck 1
number_drone 1
droneLimitationFightTime(s) 3600
Customers 6 
Coordinate X		 Coordinate Y 		Demand		OnlyServicedBytruck		 ServiceTimeByTruck(s)		 ServiceTimeByDrone(s)
1859.9746730100965	3230.3366252351193	2.464692333090504	1	60 	30
2873.6771901173215	3922.138972547147	0.1869845703361156	0	60 	30
1956.6220749269778	3617.6706940495474	1.7291384482848713	1	60 	30
2829.958150811656	-3566.7316326854925	0.8809719801746813	1	60 	30
3972.5581708132217	498.4567987153132	0.12352869553743234	0	60 	30
662.0227101357053	2826.3538182063057	0.382964673014983	0	60 	30