Customers 150 
Coordinate X		 Coordinate Y 		Demand 
1	 14585.660156 	 3103.569824 	 2.2053972508079385  	 0  	 60  	 30 
2	 15312.279297 	 -12536.184570 	 1.952526233129446  	 1  	 60  	 30 
3	 -18553.119141 	 15260.685547 	 2.103301888138112  	 1  	 60  	 30 
4	 -8245.268555 	 13020.673828 	 1.1522230715585402  	 0  	 60  	 30 
5	 -11639.401367 	 11173.423828 	 1.4634544105227654  	 0  	 60  	 30 
6	 -144.351410 	 -27746.009766 	 1.1058101723282896  	 1  	 60  	 30 
7	 -17704.050781 	 12383.926758 	 1.2877634411538632  	 1  	 60  	 30 
8	 22453.529297 	 -28725.500000 	 0.9437657837558853  	 1  	 60  	 30 
9	 -19180.275391 	 -31121.796875 	 0.6603692171501239  	 1  	 60  	 30 
10	 -13779.326172 	 -12763.301758 	 1.0334743248981528  	 0  	 60  	 30 
11	 2193.931641 	 23743.007813 	 0.7164853568305964  	 1  	 60  	 30 
12	 5356.116699 	 -26514.015625 	 1.8532352016087295  	 1  	 60  	 30 
13	 -18745.914063 	 27110.400391 	 0.2892501306934439  	 1  	 60  	 30 
14	 30313.878906 	 -29993.871094 	 2.4202568466083445  	 1  	 60  	 30 
15	 -21899.816406 	 24652.759766 	 2.2677896103666093  	 1  	 60  	 30 
16	 21315.166016 	 -10918.323242 	 1.3683398898605335  	 1  	 60  	 30 
17	 -27251.994141 	 -14189.980469 	 11.007033521289179  	 1  	 60  	 30 
18	 -19974.337891 	 -22827.785156 	 1.895951959248026  	 1  	 60  	 30 
19	 -28798.916016 	 14209.906250 	 1.2961247708624313  	 1  	 60  	 30 
20	 25729.386719 	 -23032.082031 	 66.17640610687766  	 1  	 60  	 30 
21	 5772.205566 	 -18614.253906 	 1.6227131920412938  	 1  	 60  	 30 
22	 10314.228516 	 -14046.699219 	 0.47878456543525905  	 0  	 60  	 30 
23	 14818.369141 	 -12813.403320 	 1.8845231456738243  	 1  	 60  	 30 
24	 -15061.371094 	 -10496.597656 	 0.26149660492225946  	 0  	 60  	 30 
25	 -10611.942383 	 -23564.882813 	 1.5882120332786647  	 1  	 60  	 30 
26	 14903.754883 	 18894.099609 	 0.3488631073151946  	 1  	 60  	 30 
27	 17889.986328 	 11788.303711 	 1.9896349439647478  	 1  	 60  	 30 
28	 -20322.201172 	 -28045.574219 	 0.6467418527854605  	 1  	 60  	 30 
29	 4732.940430 	 15158.488281 	 0.36008004116472925  	 0  	 60  	 30 
30	 11112.375000 	 -19840.259766 	 1.20171035249774  	 1  	 60  	 30 
31	 13704.677734 	 -5152.238281 	 2.2293418995254304  	 0  	 60  	 30 
32	 -14091.583984 	 -2270.755859 	 0.9215708367209557  	 0  	 60  	 30 
33	 14248.732422 	 -10818.400391 	 1.2638343187184313  	 0  	 60  	 30 
34	 -19343.216797 	 8075.917969 	 2.431872423884369  	 1  	 60  	 30 
35	 13593.867188 	 3498.460205 	 2.062947614767178  	 0  	 60  	 30 
36	 8950.562500 	 5974.317871 	 2.414153426922128  	 0  	 60  	 30 
37	 28817.822266 	 -24048.871094 	 1.781851338233749  	 1  	 60  	 30 
38	 15477.062500 	 24256.351563 	 2.3966060547576324  	 1  	 60  	 30 
39	 12756.494141 	 16789.765625 	 2.113947289476484  	 1  	 60  	 30 
40	 23739.691406 	 -25050.339844 	 18.03314287120832  	 1  	 60  	 30 
41	 -7489.765625 	 23165.257813 	 1.2911753263170929  	 1  	 60  	 30 
42	 28285.335938 	 -7902.885254 	 28.952658506863983  	 1  	 60  	 30 
43	 -12717.254883 	 -23712.781250 	 1.3853746922865224  	 1  	 60  	 30 
44	 10889.420898 	 -15992.326172 	 46.22401969217889  	 1  	 60  	 30 
45	 -3508.909180 	 -9211.579102 	 1.8189047577720738  	 0  	 60  	 30 
46	 25629.039063 	 15594.284180 	 1.9150363306607279  	 1  	 60  	 30 
47	 -21062.878906 	 -25275.962891 	 0.6177276600911652  	 1  	 60  	 30 
48	 -8000.021973 	 3241.498535 	 1.9036526221314074  	 0  	 60  	 30 
49	 17418.380859 	 -2174.147217 	 0.5651564926703647  	 0  	 60  	 30 
50	 10051.607422 	 -11196.324219 	 0.49107681440049594  	 0  	 60  	 30 
51	 -21980.369141 	 -28845.376953 	 0.5394716224873536  	 0  	 60  	 30 
52	 32025.445313 	 22352.041016 	 0.8719005714232306  	 0  	 60  	 30 
53	 -14998.941406 	 25451.947266 	 0.44360869282218274  	 0  	 60  	 30 
54	 -5847.404785 	 -13145.723633 	 1.434297318213051  	 0  	 60  	 30 
55	 22733.490234 	 30400.849609 	 1.2601213188838647  	 0  	 60  	 30 
56	 -16607.757813 	 -28441.890625 	 2.4291358950270556  	 0  	 60  	 30 
57	 17783.468750 	 -3848.808594 	 2.389621418685767  	 0  	 60  	 30 
58	 29986.816406 	 14482.978516 	 2.173548489117522  	 0  	 60  	 30 
59	 -32116.246094 	 24626.755859 	 1.5559005778913304  	 0  	 60  	 30 
60	 -30340.382813 	 -18274.755859 	 58.427988802473024  	 1  	 60  	 30 
61	 22486.074219 	 -25183.089844 	 0.6859354468829346  	 0  	 60  	 30 
62	 28494.894531 	 -18865.789063 	 0.8641546418181165  	 0  	 60  	 30 
63	 -14928.727539 	 -12046.750977 	 49.60708065364267  	 1  	 60  	 30 
64	 31568.976563 	 -14077.555664 	 2.379464765544716  	 0  	 60  	 30 
65	 -23438.667969 	 9005.805664 	 3.9658704139639056  	 1  	 60  	 30 
66	 -19485.544922 	 -815.146606 	 0.21214821810347229  	 0  	 60  	 30 
67	 24107.964844 	 -2425.230225 	 1.773293805511348  	 0  	 60  	 30 
68	 -2353.582764 	 -17934.410156 	 1.4692947932757028  	 0  	 60  	 30 
69	 24921.074219 	 26776.697266 	 0.7745742116429949  	 0  	 60  	 30 
70	 -32177.283203 	 7503.672852 	 0.8785816891977366  	 0  	 60  	 30 
71	 5927.402344 	 -193.604614 	 2.1479325461129783  	 0  	 60  	 30 
72	 -2213.105713 	 23230.367188 	 0.4127095623582208  	 0  	 60  	 30 
73	 -27592.990234 	 17421.042969 	 0.5466678205874518  	 0  	 60  	 30 
74	 -3602.674805 	 -24369.568359 	 0.7139177765066049  	 0  	 60  	 30 
75	 6694.345703 	 -510.290375 	 0.8231168723402082  	 0  	 60  	 30 
76	 -21706.791016 	 -32178.525391 	 33.00419201801648  	 1  	 60  	 30 
77	 6651.958496 	 12283.276367 	 1.9030448363384531  	 0  	 60  	 30 
78	 5950.191406 	 12651.906250 	 1.0724980466376626  	 0  	 60  	 30 
79	 14684.770508 	 1208.286377 	 0.4337470529222426  	 0  	 60  	 30 
80	 -11356.189453 	 -12611.045898 	 0.07285278007404111  	 0  	 60  	 30 
81	 -20172.601563 	 26604.933594 	 1.3640669925787876  	 0  	 60  	 30 
82	 23547.568359 	 26720.005859 	 1.4570891542634303  	 0  	 60  	 30 
83	 232.831238 	 -8006.045898 	 0.7395319201525113  	 0  	 60  	 30 
84	 -15295.770508 	 -2556.015625 	 0.284864556132699  	 0  	 60  	 30 
85	 -14844.658203 	 -5420.630859 	 1.6208105633423808  	 0  	 60  	 30 
86	 -21485.666016 	 -2623.629150 	 1.2435076827761327  	 0  	 60  	 30 
87	 9063.548828 	 -2289.317139 	 2.158695346017723  	 0  	 60  	 30 
88	 17425.726563 	 -25330.996094 	 1.8527769673249153  	 0  	 60  	 30 
89	 7295.322266 	 -12701.716797 	 0.48381205422017987  	 0  	 60  	 30 
90	 -16707.492188 	 -8360.112305 	 2.2353228563025835  	 0  	 60  	 30 
91	 -10669.989258 	 -12191.563477 	 1.6942610413784867  	 0  	 60  	 30 
92	 2361.171143 	 -30389.496094 	 0.7985579006381455  	 0  	 60  	 30 
93	 30638.917969 	 -26706.369141 	 0.3493918906547061  	 0  	 60  	 30 
94	 18089.583984 	 20417.488281 	 0.7986373279701603  	 0  	 60  	 30 
95	 28277.900391 	 -17498.150391 	 0.0029156223221454836  	 0  	 60  	 30 
96	 3415.328125 	 -24211.458984 	 0.8822533319818628  	 0  	 60  	 30 
97	 -6037.411133 	 -9281.457031 	 1.9335567925019768  	 0  	 60  	 30 
98	 17107.484375 	 24919.455078 	 0.8269462493148211  	 0  	 60  	 30 
99	 746.545654 	 8318.880859 	 0.856449440773629  	 0  	 60  	 30 
100	 -31334.822266 	 9277.724609 	 1.825635654910234  	 0  	 60  	 30 
101	 9867.228516 	 -9129.167969 	 1.0234794006240302  	 0  	 60  	 30 
102	 2297.340576 	 25266.009766 	 1.286074490446019  	 0  	 60  	 30 
103	 13538.886719 	 -1420.122803 	 1.7457759430488426  	 0  	 60  	 30 
104	 -19585.343750 	 -19668.679688 	 0.24092968512716945  	 0  	 60  	 30 
105	 -20039.144531 	 28981.898438 	 1.9965568877720492  	 0  	 60  	 30 
106	 -25041.109375 	 12856.815430 	 57.23682434320538  	 1  	 60  	 30 
107	 4133.574707 	 -7138.171875 	 51.69125534387721  	 1  	 60  	 30 
108	 21693.015625 	 -31402.355469 	 2.0146171417111662  	 0  	 60  	 30 
109	 -10183.188477 	 -2398.960205 	 1.8570471195233098  	 0  	 60  	 30 
110	 -16387.097656 	 4931.762207 	 2.0519060778094005  	 0  	 60  	 30 
111	 6518.781738 	 23898.619141 	 1.3132374838470349  	 0  	 60  	 30 
112	 -506.793396 	 -31488.460938 	 2.3963190276399464  	 0  	 60  	 30 
113	 -29072.113281 	 29113.142578 	 1.040283240715183  	 0  	 60  	 30 
114	 14091.814453 	 -28358.142578 	 0.1774352473337909  	 0  	 60  	 30 
115	 21983.335938 	 -18401.523438 	 0.0010806075172054008  	 0  	 60  	 30 
116	 -7436.521973 	 -26095.423828 	 0.0427561145058547  	 0  	 60  	 30 
117	 13688.772461 	 -9763.404297 	 2.234466109956186  	 0  	 60  	 30 
118	 -8470.197266 	 -10314.990234 	 1.5218565435810583  	 0  	 60  	 30 
119	 -22332.814453 	 1354.218262 	 0.45021779426033665  	 0  	 60  	 30 
120	 -16544.189453 	 -16594.472656 	 1.2667877363129862  	 0  	 60  	 30 
121	 11748.020508 	 31896.166016 	 0.9700351223811841  	 0  	 60  	 30 
122	 -9187.333008 	 10957.509766 	 1.389434289031023  	 0  	 60  	 30 
123	 -1821.229736 	 -7386.104004 	 0.29769927251935085  	 1  	 60  	 30 
124	 8248.357422 	 23191.554688 	 0.7415285757063633  	 0  	 60  	 30 
125	 21761.945313 	 -26418.294922 	 1.726617290265574  	 0  	 60  	 30 
126	 -20435.259766 	 -13482.392578 	 1.6080260057927758  	 0  	 60  	 30 
127	 -7511.467773 	 13612.235352 	 1.0179539547397811  	 0  	 60  	 30 
128	 -16354.476563 	 26156.074219 	 2.4095436847770375  	 0  	 60  	 30 
129	 18891.626953 	 576.225281 	 0.8075536688023346  	 0  	 60  	 30 
130	 27090.021484 	 -8193.609375 	 6.025635593664129  	 1  	 60  	 30 
131	 4504.534668 	 -20516.728516 	 42.45121341973651  	 1  	 60  	 30 
132	 16125.643555 	 -14078.259766 	 1.8471214237934344  	 0  	 60  	 30 
133	 -18539.748047 	 2548.999023 	 2.2320050455664413  	 0  	 60  	 30 
134	 -18523.275391 	 -928.844971 	 8.804475134602589  	 1  	 60  	 30 
135	 7671.406738 	 23412.986328 	 0.4163661900049054  	 0  	 60  	 30 
136	 2224.709717 	 31643.710938 	 1.3336247835202353  	 0  	 60  	 30 
137	 15089.568359 	 31897.230469 	 0.3946348633834351  	 0  	 60  	 30 
138	 -1102.342896 	 -27085.931641 	 0.5280668997435961  	 0  	 60  	 30 
139	 12636.214844 	 -1947.668335 	 0.6117595548479036  	 0  	 60  	 30 
140	 -31637.902344 	 5174.821777 	 1.3759205509576975  	 0  	 60  	 30 
141	 -30860.136719 	 -17184.861328 	 0.7428704755627837  	 0  	 60  	 30 
142	 26085.210938 	 -715.048523 	 2.0247315771496286  	 0  	 60  	 30 
143	 5179.250000 	 16211.866211 	 0.13142070940709766  	 0  	 60  	 30 
144	 23670.332031 	 -11001.361328 	 2.437887007680119  	 0  	 60  	 30 
145	 -6140.534668 	 3870.029541 	 2.2217430128928086  	 0  	 60  	 30 
146	 6254.987305 	 29489.718750 	 1.110268361962781  	 0  	 60  	 30 
147	 4090.938965 	 3069.573242 	 0.26922469445171293  	 0  	 60  	 30 
148	 22389.253906 	 14656.428711 	 0.6249992853302327  	 1  	 60  	 30 
149	 10475.364258 	 2558.574707 	 0.2363045026662139  	 0  	 60  	 30 
150	 3808.031982 	 -20489.044922 	 2.021991677836528  	 0  	 60  	 30 
